4.918181818181818699e+02 8.472727272727271952e+01
5.372727272727273657e+02 8.472727272727271952e+01
3.554545454545454959e+02 1.301818181818181870e+02
4.009090909090909918e+02 1.301818181818181870e+02
4.463636363636364308e+02 1.301818181818181870e+02
4.918181818181818699e+02 1.301818181818181870e+02
5.372727272727273657e+02 1.301818181818181870e+02
5.827272727272727479e+02 1.301818181818181870e+02
6.281818181818182438e+02 1.301818181818181870e+02
6.736363636363637397e+02 1.301818181818181870e+02
2.645454545454545610e+02 1.756363636363636545e+02
3.100000000000000000e+02 1.756363636363636545e+02
3.554545454545454959e+02 1.756363636363636545e+02
4.009090909090909918e+02 1.756363636363636545e+02
4.463636363636364308e+02 1.756363636363636545e+02
4.918181818181818699e+02 1.756363636363636545e+02
5.372727272727273657e+02 1.756363636363636545e+02
5.827272727272727479e+02 1.756363636363636545e+02
6.281818181818182438e+02 1.756363636363636545e+02
6.736363636363637397e+02 1.756363636363636545e+02
7.190909090909092356e+02 1.756363636363636545e+02
7.645454545454546178e+02 1.756363636363636545e+02
2.190909090909090935e+02 2.210909090909090935e+02
2.645454545454545610e+02 2.210909090909090935e+02
3.100000000000000000e+02 2.210909090909090935e+02
3.554545454545454959e+02 2.210909090909090935e+02
4.009090909090909918e+02 2.210909090909090935e+02
4.463636363636364308e+02 2.210909090909090935e+02
4.918181818181818699e+02 2.210909090909090935e+02
5.372727272727273657e+02 2.210909090909090935e+02
5.827272727272727479e+02 2.210909090909090935e+02
6.281818181818182438e+02 2.210909090909090935e+02
6.736363636363637397e+02 2.210909090909090935e+02
7.190909090909092356e+02 2.210909090909090935e+02
7.645454545454546178e+02 2.210909090909090935e+02
8.100000000000001137e+02 2.210909090909090935e+02
1.736363636363636545e+02 2.665454545454545610e+02
2.190909090909090935e+02 2.665454545454545610e+02
2.645454545454545610e+02 2.665454545454545610e+02
3.100000000000000000e+02 2.665454545454545610e+02
3.554545454545454959e+02 2.665454545454545610e+02
4.009090909090909918e+02 2.665454545454545610e+02
4.463636363636364308e+02 2.665454545454545610e+02
4.918181818181818699e+02 2.665454545454545610e+02
5.372727272727273657e+02 2.665454545454545610e+02
5.827272727272727479e+02 2.665454545454545610e+02
6.281818181818182438e+02 2.665454545454545610e+02
6.736363636363637397e+02 2.665454545454545610e+02
7.190909090909092356e+02 2.665454545454545610e+02
7.645454545454546178e+02 2.665454545454545610e+02
8.100000000000001137e+02 2.665454545454545610e+02
8.554545454545456096e+02 2.665454545454545610e+02
1.736363636363636545e+02 3.120000000000000000e+02
2.190909090909090935e+02 3.120000000000000000e+02
2.645454545454545610e+02 3.120000000000000000e+02
3.100000000000000000e+02 3.120000000000000000e+02
3.554545454545454959e+02 3.120000000000000000e+02
4.009090909090909918e+02 3.120000000000000000e+02
4.463636363636364308e+02 3.120000000000000000e+02
4.918181818181818699e+02 3.120000000000000000e+02
5.372727272727273657e+02 3.120000000000000000e+02
5.827272727272727479e+02 3.120000000000000000e+02
6.281818181818182438e+02 3.120000000000000000e+02
6.736363636363637397e+02 3.120000000000000000e+02
7.190909090909092356e+02 3.120000000000000000e+02
7.645454545454546178e+02 3.120000000000000000e+02
8.100000000000001137e+02 3.120000000000000000e+02
8.554545454545456096e+02 3.120000000000000000e+02
1.281818181818181870e+02 3.574545454545454959e+02
1.736363636363636545e+02 3.574545454545454959e+02
2.190909090909090935e+02 3.574545454545454959e+02
2.645454545454545610e+02 3.574545454545454959e+02
3.100000000000000000e+02 3.574545454545454959e+02
3.554545454545454959e+02 3.574545454545454959e+02
4.009090909090909918e+02 3.574545454545454959e+02
4.463636363636364308e+02 3.574545454545454959e+02
4.918181818181818699e+02 3.574545454545454959e+02
5.372727272727273657e+02 3.574545454545454959e+02
5.827272727272727479e+02 3.574545454545454959e+02
6.281818181818182438e+02 3.574545454545454959e+02
6.736363636363637397e+02 3.574545454545454959e+02
7.190909090909092356e+02 3.574545454545454959e+02
7.645454545454546178e+02 3.574545454545454959e+02
8.100000000000001137e+02 3.574545454545454959e+02
8.554545454545456096e+02 3.574545454545454959e+02
9.009090909090909918e+02 3.574545454545454959e+02
1.281818181818181870e+02 4.029090909090909918e+02
1.736363636363636545e+02 4.029090909090909918e+02
2.190909090909090935e+02 4.029090909090909918e+02
2.645454545454545610e+02 4.029090909090909918e+02
3.100000000000000000e+02 4.029090909090909918e+02
3.554545454545454959e+02 4.029090909090909918e+02
4.009090909090909918e+02 4.029090909090909918e+02
4.463636363636364308e+02 4.029090909090909918e+02
4.918181818181818699e+02 4.029090909090909918e+02
5.372727272727273657e+02 4.029090909090909918e+02
5.827272727272727479e+02 4.029090909090909918e+02
6.281818181818182438e+02 4.029090909090909918e+02
6.736363636363637397e+02 4.029090909090909918e+02
7.190909090909092356e+02 4.029090909090909918e+02
7.645454545454546178e+02 4.029090909090909918e+02
8.100000000000001137e+02 4.029090909090909918e+02
8.554545454545456096e+02 4.029090909090909918e+02
9.009090909090909918e+02 4.029090909090909918e+02
1.281818181818181870e+02 4.483636363636364308e+02
1.736363636363636545e+02 4.483636363636364308e+02
2.190909090909090935e+02 4.483636363636364308e+02
2.645454545454545610e+02 4.483636363636364308e+02
3.100000000000000000e+02 4.483636363636364308e+02
3.554545454545454959e+02 4.483636363636364308e+02
4.009090909090909918e+02 4.483636363636364308e+02
4.463636363636364308e+02 4.483636363636364308e+02
4.918181818181818699e+02 4.483636363636364308e+02
5.372727272727273657e+02 4.483636363636364308e+02
5.827272727272727479e+02 4.483636363636364308e+02
6.281818181818182438e+02 4.483636363636364308e+02
6.736363636363637397e+02 4.483636363636364308e+02
7.190909090909092356e+02 4.483636363636364308e+02
7.645454545454546178e+02 4.483636363636364308e+02
8.100000000000001137e+02 4.483636363636364308e+02
8.554545454545456096e+02 4.483636363636364308e+02
9.009090909090909918e+02 4.483636363636364308e+02
8.272727272727271952e+01 4.938181818181818699e+02
1.281818181818181870e+02 4.938181818181818699e+02
1.736363636363636545e+02 4.938181818181818699e+02
2.190909090909090935e+02 4.938181818181818699e+02
2.645454545454545610e+02 4.938181818181818699e+02
3.100000000000000000e+02 4.938181818181818699e+02
3.554545454545454959e+02 4.938181818181818699e+02
4.009090909090909918e+02 4.938181818181818699e+02
4.463636363636364308e+02 4.938181818181818699e+02
4.918181818181818699e+02 4.938181818181818699e+02
5.372727272727273657e+02 4.938181818181818699e+02
5.827272727272727479e+02 4.938181818181818699e+02
6.281818181818182438e+02 4.938181818181818699e+02
6.736363636363637397e+02 4.938181818181818699e+02
7.190909090909092356e+02 4.938181818181818699e+02
7.645454545454546178e+02 4.938181818181818699e+02
8.100000000000001137e+02 4.938181818181818699e+02
8.554545454545456096e+02 4.938181818181818699e+02
9.009090909090909918e+02 4.938181818181818699e+02
9.463636363636364877e+02 4.938181818181818699e+02
8.272727272727271952e+01 5.392727272727273657e+02
1.281818181818181870e+02 5.392727272727273657e+02
1.736363636363636545e+02 5.392727272727273657e+02
2.190909090909090935e+02 5.392727272727273657e+02
2.645454545454545610e+02 5.392727272727273657e+02
3.100000000000000000e+02 5.392727272727273657e+02
3.554545454545454959e+02 5.392727272727273657e+02
4.009090909090909918e+02 5.392727272727273657e+02
4.463636363636364308e+02 5.392727272727273657e+02
4.918181818181818699e+02 5.392727272727273657e+02
5.372727272727273657e+02 5.392727272727273657e+02
5.827272727272727479e+02 5.392727272727273657e+02
6.281818181818182438e+02 5.392727272727273657e+02
6.736363636363637397e+02 5.392727272727273657e+02
7.190909090909092356e+02 5.392727272727273657e+02
7.645454545454546178e+02 5.392727272727273657e+02
8.100000000000001137e+02 5.392727272727273657e+02
8.554545454545456096e+02 5.392727272727273657e+02
9.009090909090909918e+02 5.392727272727273657e+02
9.463636363636364877e+02 5.392727272727273657e+02
1.281818181818181870e+02 5.847272727272727479e+02
1.736363636363636545e+02 5.847272727272727479e+02
2.190909090909090935e+02 5.847272727272727479e+02
2.645454545454545610e+02 5.847272727272727479e+02
3.100000000000000000e+02 5.847272727272727479e+02
3.554545454545454959e+02 5.847272727272727479e+02
4.009090909090909918e+02 5.847272727272727479e+02
4.463636363636364308e+02 5.847272727272727479e+02
4.918181818181818699e+02 5.847272727272727479e+02
5.372727272727273657e+02 5.847272727272727479e+02
5.827272727272727479e+02 5.847272727272727479e+02
6.281818181818182438e+02 5.847272727272727479e+02
6.736363636363637397e+02 5.847272727272727479e+02
7.190909090909092356e+02 5.847272727272727479e+02
7.645454545454546178e+02 5.847272727272727479e+02
8.100000000000001137e+02 5.847272727272727479e+02
8.554545454545456096e+02 5.847272727272727479e+02
9.009090909090909918e+02 5.847272727272727479e+02
1.281818181818181870e+02 6.301818181818182438e+02
1.736363636363636545e+02 6.301818181818182438e+02
2.190909090909090935e+02 6.301818181818182438e+02
2.645454545454545610e+02 6.301818181818182438e+02
3.100000000000000000e+02 6.301818181818182438e+02
3.554545454545454959e+02 6.301818181818182438e+02
4.009090909090909918e+02 6.301818181818182438e+02
4.463636363636364308e+02 6.301818181818182438e+02
4.918181818181818699e+02 6.301818181818182438e+02
5.372727272727273657e+02 6.301818181818182438e+02
5.827272727272727479e+02 6.301818181818182438e+02
6.281818181818182438e+02 6.301818181818182438e+02
6.736363636363637397e+02 6.301818181818182438e+02
7.190909090909092356e+02 6.301818181818182438e+02
7.645454545454546178e+02 6.301818181818182438e+02
8.100000000000001137e+02 6.301818181818182438e+02
8.554545454545456096e+02 6.301818181818182438e+02
9.009090909090909918e+02 6.301818181818182438e+02
1.281818181818181870e+02 6.756363636363637397e+02
1.736363636363636545e+02 6.756363636363637397e+02
2.190909090909090935e+02 6.756363636363637397e+02
2.645454545454545610e+02 6.756363636363637397e+02
3.100000000000000000e+02 6.756363636363637397e+02
3.554545454545454959e+02 6.756363636363637397e+02
4.009090909090909918e+02 6.756363636363637397e+02
4.463636363636364308e+02 6.756363636363637397e+02
4.918181818181818699e+02 6.756363636363637397e+02
5.372727272727273657e+02 6.756363636363637397e+02
5.827272727272727479e+02 6.756363636363637397e+02
6.281818181818182438e+02 6.756363636363637397e+02
6.736363636363637397e+02 6.756363636363637397e+02
7.190909090909092356e+02 6.756363636363637397e+02
7.645454545454546178e+02 6.756363636363637397e+02
8.100000000000001137e+02 6.756363636363637397e+02
8.554545454545456096e+02 6.756363636363637397e+02
9.009090909090909918e+02 6.756363636363637397e+02
1.736363636363636545e+02 7.210909090909092356e+02
2.190909090909090935e+02 7.210909090909092356e+02
2.645454545454545610e+02 7.210909090909092356e+02
3.100000000000000000e+02 7.210909090909092356e+02
3.554545454545454959e+02 7.210909090909092356e+02
4.009090909090909918e+02 7.210909090909092356e+02
4.463636363636364308e+02 7.210909090909092356e+02
4.918181818181818699e+02 7.210909090909092356e+02
5.372727272727273657e+02 7.210909090909092356e+02
5.827272727272727479e+02 7.210909090909092356e+02
6.281818181818182438e+02 7.210909090909092356e+02
6.736363636363637397e+02 7.210909090909092356e+02
7.190909090909092356e+02 7.210909090909092356e+02
7.645454545454546178e+02 7.210909090909092356e+02
8.100000000000001137e+02 7.210909090909092356e+02
8.554545454545456096e+02 7.210909090909092356e+02
1.736363636363636545e+02 7.665454545454546178e+02
2.190909090909090935e+02 7.665454545454546178e+02
2.645454545454545610e+02 7.665454545454546178e+02
3.100000000000000000e+02 7.665454545454546178e+02
3.554545454545454959e+02 7.665454545454546178e+02
4.009090909090909918e+02 7.665454545454546178e+02
4.463636363636364308e+02 7.665454545454546178e+02
4.918181818181818699e+02 7.665454545454546178e+02
5.372727272727273657e+02 7.665454545454546178e+02
5.827272727272727479e+02 7.665454545454546178e+02
6.281818181818182438e+02 7.665454545454546178e+02
6.736363636363637397e+02 7.665454545454546178e+02
7.190909090909092356e+02 7.665454545454546178e+02
7.645454545454546178e+02 7.665454545454546178e+02
8.100000000000001137e+02 7.665454545454546178e+02
8.554545454545456096e+02 7.665454545454546178e+02
2.190909090909090935e+02 8.120000000000001137e+02
2.645454545454545610e+02 8.120000000000001137e+02
3.100000000000000000e+02 8.120000000000001137e+02
3.554545454545454959e+02 8.120000000000001137e+02
4.009090909090909918e+02 8.120000000000001137e+02
4.463636363636364308e+02 8.120000000000001137e+02
4.918181818181818699e+02 8.120000000000001137e+02
5.372727272727273657e+02 8.120000000000001137e+02
5.827272727272727479e+02 8.120000000000001137e+02
6.281818181818182438e+02 8.120000000000001137e+02
6.736363636363637397e+02 8.120000000000001137e+02
7.190909090909092356e+02 8.120000000000001137e+02
7.645454545454546178e+02 8.120000000000001137e+02
8.100000000000001137e+02 8.120000000000001137e+02
2.645454545454545610e+02 8.574545454545456096e+02
3.100000000000000000e+02 8.574545454545456096e+02
3.554545454545454959e+02 8.574545454545456096e+02
4.009090909090909918e+02 8.574545454545456096e+02
4.463636363636364308e+02 8.574545454545456096e+02
4.918181818181818699e+02 8.574545454545456096e+02
5.372727272727273657e+02 8.574545454545456096e+02
5.827272727272727479e+02 8.574545454545456096e+02
6.281818181818182438e+02 8.574545454545456096e+02
6.736363636363637397e+02 8.574545454545456096e+02
7.190909090909092356e+02 8.574545454545456096e+02
7.645454545454546178e+02 8.574545454545456096e+02
3.554545454545454959e+02 9.029090909090909918e+02
4.009090909090909918e+02 9.029090909090909918e+02
4.463636363636364308e+02 9.029090909090909918e+02
4.918181818181818699e+02 9.029090909090909918e+02
5.372727272727273657e+02 9.029090909090909918e+02
5.827272727272727479e+02 9.029090909090909918e+02
6.281818181818182438e+02 9.029090909090909918e+02
6.736363636363637397e+02 9.029090909090909918e+02
4.918181818181818699e+02 9.483636363636364877e+02
5.372727272727273657e+02 9.483636363636364877e+02
