495.55 38.39
540.75 38.12
359.81 83.99
405.17 84.10
450.41 83.72
495.53 84.23
540.95 84.05
586.35 84.10
632.16 84.61
677.97 84.82
268.62 129.71
313.95 129.82
359.55 129.60
404.87 129.51
450.11 129.47
495.47 129.81
541.19 130.04
586.36 130.04
632.21 129.80
678.38 130.27
723.42 130.74
768.12 130.47
223.24 174.73
268.64 174.70
313.93 174.60
359.25 174.59
404.74 175.16
450.15 175.18
495.82 175.19
540.85 175.08
586.28 175.20
632.34 175.65
678.40 175.09
723.17 174.85
768.00 175.10
813.36 175.37
177.70 219.51
223.07 219.71
268.75 220.13
313.75 219.92
359.31 220.05
404.89 220.25
450.17 220.05
495.50 220.14
540.72 220.35
586.39 220.49
632.22 220.40
677.85 220.13
723.29 219.92
768.41 220.00
813.49 220.36
858.55 220.99
177.96 265.92
223.19 265.65
268.19 265.70
313.44 265.16
359.34 265.36
404.90 265.55
450.53 265.72
495.41 265.63
540.78 265.67
586.38 265.67
632.31 265.47
677.53 265.54
723.36 266.22
768.77 266.12
813.61 266.34
858.54 266.70
131.96 311.68
178.06 312.02
222.97 311.81
267.73 311.44
313.53 311.34
359.33 310.74
404.64 310.90
450.12 310.55
495.52 311.17
540.57 311.33
586.15 311.01
632.25 310.93
677.75 311.43
723.32 311.98
768.81 311.63
814.01 312.03
858.73 312.12
904.73 312.71
132.12 356.63
178.01 356.97
222.86 356.87
267.54 356.90
313.16 356.23
358.94 356.48
404.51 356.08
450.44 356.50
495.64 356.62
540.54 356.54
585.74 356.67
632.41 356.61
678.26 357.05
723.34 357.08
768.49 357.16
813.88 357.21
859.25 357.56
905.02 357.54
131.41 402.15
177.85 401.91
222.99 401.93
267.48 402.47
312.99 402.17
358.94 401.86
404.45 402.10
450.41 402.19
495.75 402.29
540.55 402.60
585.63 402.74
632.49 403.09
678.22 402.58
723.30 402.47
768.88 402.72
813.70 402.87
859.39 402.57
905.08 402.04
83.39 447.41
131.30 446.75
177.84 446.96
223.13 447.43
267.30 447.51
312.91 447.02
358.74 447.61
404.61 447.05
450.56 447.23
496.17 447.92
540.82 447.83
585.90 447.88
632.21 447.91
677.97 448.09
723.23 447.99
768.84 447.96
813.67 447.96
859.11 447.93
904.99 447.47
952.14 447.67
83.00 493.28
130.89 493.19
177.48 492.59
222.81 492.29
267.79 492.93
312.87 493.20
358.37 493.28
404.22 493.01
451.07 492.92
496.31 493.24
540.82 493.39
585.98 493.55
631.89 493.23
678.05 493.00
723.29 493.45
768.34 492.77
813.63 492.99
858.92 493.29
905.33 493.34
952.26 493.65
130.20 538.04
177.15 538.05
222.97 537.65
268.52 538.47
313.21 538.61
357.84 538.47
403.69 538.27
450.97 537.74
496.24 538.65
540.65 539.04
585.67 538.41
631.91 537.97
677.64 538.45
722.99 538.61
768.09 538.30
813.43 538.57
858.84 538.61
905.44 538.25
129.71 584.87
176.89 584.08
222.79 583.60
268.89 583.43
313.33 583.51
357.90 583.68
403.34 584.36
450.79 584.00
496.06 583.19
540.51 582.73
585.87 583.71
632.18 583.99
677.84 584.14
722.81 583.96
767.97 583.97
813.48 584.29
859.03 584.37
905.55 584.93
129.09 630.21
176.19 629.66
222.57 628.88
268.56 628.46
313.55 628.68
358.57 629.34
403.75 630.50
449.47 629.82
494.84 628.22
541.05 627.89
586.70 628.97
632.40 629.64
678.15 629.82
723.03 629.50
768.12 629.78
813.78 630.07
859.24 630.04
905.56 629.90
175.26 674.75
222.03 674.02
268.16 674.22
313.43 674.03
359.28 674.05
404.18 675.06
448.48 674.63
494.09 675.06
541.57 675.09
587.24 675.25
632.33 674.94
677.56 675.06
722.82 674.71
768.40 674.70
814.01 674.69
859.42 675.26
174.52 719.99
221.58 719.69
268.57 719.53
313.86 719.86
359.02 719.87
403.98 720.03
448.87 720.31
495.11 721.18
540.97 721.28
586.94 720.99
631.86 720.69
677.22 720.37
722.23 720.13
768.02 719.70
814.05 719.55
860.49 720.64
221.19 765.69
268.66 765.55
313.93 765.22
359.00 764.95
404.23 765.05
449.30 765.38
495.50 765.46
540.60 766.03
586.61 766.10
631.64 765.69
676.58 765.25
722.15 765.37
767.63 765.69
814.26 765.85
267.68 811.63
313.19 810.48
358.61 810.30
404.16 810.52
449.34 810.23
495.32 810.19
541.01 810.35
586.23 810.95
631.45 810.77
676.51 810.40
722.55 811.11
768.37 811.90
358.19 857.01
403.51 856.69
449.23 856.56
495.05 856.10
541.12 856.42
586.20 856.63
631.32 856.80
676.38 857.06
495.08 903.52
540.89 903.04
