495.29 39.84
541.10 39.77
359.66 86.33
404.93 86.61
450.56 86.41
495.46 86.86
540.84 86.89
586.19 86.57
632.11 87.19
677.45 87.25
268.67 131.72
313.70 131.91
359.38 132.21
405.09 132.55
450.40 132.55
495.63 132.62
540.99 133.05
586.31 132.53
631.89 132.73
677.66 133.17
723.15 133.16
768.28 132.82
223.43 177.13
268.85 177.13
314.14 176.89
359.28 177.29
404.74 177.53
450.32 177.59
496.00 177.32
540.65 177.11
586.21 177.34
632.13 177.82
677.64 178.08
722.95 177.77
768.21 177.91
813.50 177.76
177.75 222.11
223.24 222.62
268.81 222.70
313.74 222.23
359.41 222.42
404.51 222.35
450.11 221.98
495.59 221.80
540.76 221.91
586.71 222.28
632.42 222.71
677.18 222.49
723.16 222.43
768.57 222.89
813.87 223.12
859.13 223.29
178.03 268.13
223.13 267.57
268.35 267.67
313.57 266.95
359.28 266.96
404.47 266.97
449.98 267.11
495.21 266.71
541.24 266.77
586.67 266.93
632.25 266.89
677.17 267.49
723.24 268.06
768.79 268.07
813.92 268.39
859.15 268.53
131.78 313.39
177.73 313.35
222.72 312.62
268.14 312.35
313.31 312.44
359.22 311.88
404.43 312.02
449.82 311.74
495.30 312.20
541.03 312.19
586.72 312.07
632.36 311.98
677.72 312.53
723.21 313.20
768.70 313.06
814.14 313.30
859.05 313.58
905.00 313.95
131.65 357.86
177.03 358.09
222.39 357.55
267.96 357.64
313.11 357.01
358.65 357.13
404.28 357.21
449.81 356.89
495.31 357.34
540.90 356.98
586.27 357.19
632.49 357.25
678.41 357.62
723.56 357.86
768.58 357.83
814.58 358.03
859.54 358.56
905.39 359.02
131.07 403.13
176.77 402.85
222.17 402.83
267.56 402.73
312.93 402.43
358.60 402.26
404.17 402.53
449.64 402.47
495.32 402.30
540.75 402.54
586.35 402.69
632.14 402.96
678.31 402.80
723.61 402.48
769.02 402.67
814.50 403.43
859.87 403.47
905.66 403.58
83.69 448.48
130.69 447.80
176.60 447.95
222.11 447.90
267.06 447.49
312.78 447.04
358.55 447.51
404.19 447.29
450.00 447.53
495.50 447.49
540.78 447.36
586.43 447.70
632.28 447.69
678.06 447.91
723.41 447.94
769.18 447.96
814.64 448.47
859.92 448.46
905.73 448.61
951.94 448.73
83.12 493.49
130.10 493.59
176.37 493.03
221.88 492.69
266.80 492.82
312.53 492.95
358.10 492.78
403.63 492.30
450.03 492.30
495.51 492.62
540.86 492.73
586.72 492.94
632.20 493.00
677.85 492.79
723.69 493.25
769.30 493.04
814.84 493.41
860.15 493.73
905.98 493.92
952.16 494.28
129.59 538.37
175.88 538.33
221.55 537.95
267.10 538.19
312.65 537.83
357.70 538.04
403.41 537.72
450.05 537.26
495.35 538.05
541.03 538.12
586.36 537.97
632.49 537.66
678.23 537.98
723.68 538.45
769.29 538.30
814.70 538.64
860.26 539.07
906.15 538.90
129.07 584.46
175.56 584.20
221.43 583.45
267.09 583.40
312.51 583.27
357.64 583.46
403.27 583.36
449.76 583.21
495.45 583.23
540.78 583.14
586.43 583.58
632.42 583.61
678.33 583.62
723.76 583.94
769.40 583.88
814.89 584.15
860.33 584.37
906.55 584.47
128.90 629.29
175.18 629.31
221.15 628.91
266.68 628.50
312.31 628.21
357.88 628.60
403.24 629.33
448.98 629.04
494.94 628.49
541.07 628.32
586.72 629.03
632.44 629.39
678.29 629.32
723.64 629.11
769.44 629.89
814.97 629.94
860.49 630.10
906.33 629.77
174.70 674.44
220.52 673.90
266.30 674.17
311.77 674.06
358.44 673.51
403.34 674.43
448.66 674.03
494.83 674.58
541.37 674.55
587.10 674.78
632.61 674.61
677.94 674.86
723.54 674.96
769.78 674.89
815.24 675.02
860.71 675.31
174.30 720.17
220.46 719.90
266.50 720.00
312.32 720.01
357.76 719.80
403.22 719.58
448.94 719.75
495.03 720.31
541.04 719.89
586.92 720.08
632.38 719.96
677.96 720.13
723.79 720.48
769.49 720.41
815.35 720.31
861.19 721.20
220.05 765.94
266.71 766.03
312.23 765.53
357.56 765.32
403.34 765.37
449.30 765.21
495.13 765.12
540.62 765.40
586.56 765.73
632.29 765.83
677.95 765.72
723.95 766.00
769.48 766.17
815.58 766.57
265.77 812.26
311.65 811.36
357.28 811.08
403.21 810.98
449.03 810.47
494.94 810.62
540.71 810.63
586.56 811.03
632.50 811.38
678.40 811.32
724.17 812.16
770.30 812.70
356.69 858.20
402.21 857.79
448.88 857.44
494.50 857.40
540.99 857.27
586.33 857.77
632.57 858.06
678.51 858.41
494.76 905.71
540.98 904.85
