495.55 38.35
540.73 38.12
359.86 83.93
405.16 84.05
450.39 83.72
495.50 84.23
540.96 84.05
586.33 84.08
632.21 84.60
678.01 84.80
268.63 129.64
313.98 129.80
359.59 129.57
404.86 129.48
450.14 129.46
495.45 129.84
541.20 130.04
586.36 130.02
632.21 129.80
678.39 130.22
723.44 130.70
768.16 130.44
223.25 174.74
268.62 174.70
313.93 174.57
359.30 174.56
404.77 175.12
450.18 175.19
495.81 175.19
540.83 175.10
586.26 175.17
632.35 175.63
678.39 175.07
723.18 174.84
768.03 175.07
813.43 175.34
177.71 219.55
223.08 219.73
268.75 220.13
313.76 219.93
359.35 220.04
404.93 220.25
450.20 220.04
495.50 220.14
540.72 220.38
586.36 220.51
632.21 220.41
677.82 220.11
723.29 219.91
768.44 219.98
813.52 220.34
858.60 220.94
177.99 265.91
223.20 265.69
268.16 265.74
313.44 265.17
359.40 265.37
404.94 265.53
450.56 265.72
495.45 265.67
540.75 265.69
586.34 265.71
632.30 265.48
677.55 265.57
723.38 266.25
768.77 266.12
813.63 266.35
858.57 266.67
131.98 311.68
178.10 312.03
222.98 311.83
267.70 311.49
313.56 311.39
359.35 310.78
404.65 310.93
450.13 310.55
495.53 311.17
540.56 311.31
586.14 311.02
632.26 310.95
677.75 311.47
723.32 312.02
768.81 311.64
814.02 312.07
858.73 312.13
904.72 312.67
132.15 356.60
178.02 356.95
222.86 356.88
267.57 356.89
313.17 356.24
358.97 356.49
404.55 356.08
450.46 356.49
495.64 356.60
540.51 356.54
585.74 356.66
632.42 356.62
678.27 357.06
723.35 357.09
768.48 357.16
813.84 357.23
859.23 357.57
905.00 357.53
131.45 402.15
177.86 401.90
223.01 401.92
267.48 402.46
312.99 402.13
358.95 401.85
404.47 402.09
450.41 402.18
495.74 402.27
540.52 402.62
585.64 402.76
632.49 403.09
678.22 402.58
723.31 402.44
768.90 402.69
813.67 402.85
859.33 402.57
905.09 402.06
83.45 447.40
131.31 446.73
177.87 446.95
223.14 447.42
267.28 447.48
312.91 447.02
358.76 447.60
404.63 447.02
450.56 447.23
496.15 447.91
540.84 447.83
585.90 447.86
632.19 447.86
677.96 448.08
723.21 447.98
768.87 447.95
813.66 447.94
859.11 447.93
905.01 447.47
952.17 447.69
83.03 493.29
130.94 493.22
177.50 492.60
222.82 492.31
267.76 492.92
312.87 493.19
358.39 493.30
404.24 493.01
451.07 492.90
496.29 493.23
540.84 493.41
586.00 493.55
631.90 493.21
678.05 493.00
723.31 493.49
768.40 492.77
813.66 493.01
858.93 493.31
905.34 493.33
952.29 493.68
130.23 538.05
177.18 538.04
222.96 537.65
268.52 538.46
313.22 538.60
357.87 538.50
403.73 538.29
450.96 537.74
496.23 538.65
540.63 539.05
585.68 538.39
631.90 537.95
677.66 538.45
722.98 538.57
768.11 538.30
813.46 538.58
858.88 538.61
905.46 538.22
129.70 584.87
176.91 584.08
222.77 583.56
268.90 583.43
313.33 583.51
357.91 583.69
403.38 584.35
450.80 584.00
496.03 583.19
540.49 582.78
585.87 583.73
632.17 583.95
677.83 584.11
722.82 583.95
768.00 583.98
813.48 584.29
859.03 584.36
905.55 584.91
129.09 630.19
176.24 629.64
222.57 628.86
268.58 628.46
313.55 628.67
358.60 629.32
403.79 630.47
449.49 629.81
494.85 628.22
541.05 627.90
586.67 628.96
632.37 629.60
678.12 629.79
723.06 629.47
768.17 629.77
813.78 630.07
859.27 630.04
905.55 629.90
175.27 674.74
222.05 674.01
268.16 674.21
313.44 674.00
359.32 674.05
404.21 675.05
448.55 674.64
494.14 675.05
541.53 675.07
587.18 675.23
632.31 674.93
677.59 675.08
722.82 674.73
768.48 674.70
814.07 674.70
859.42 675.26
174.55 719.97
221.59 719.68
268.59 719.53
313.89 719.85
359.05 719.89
403.98 720.01
448.89 720.30
495.11 721.14
540.94 721.25
586.93 720.94
631.87 720.68
677.22 720.39
722.24 720.15
768.09 719.69
814.09 719.55
860.51 720.64
221.22 765.68
268.70 765.54
313.98 765.22
359.03 764.95
404.25 765.08
449.27 765.40
495.45 765.51
540.61 766.06
586.62 766.12
631.68 765.69
676.61 765.25
722.18 765.38
767.63 765.68
814.31 765.84
267.73 811.63
313.24 810.51
358.63 810.33
404.18 810.58
449.33 810.28
495.29 810.27
541.01 810.42
586.20 811.01
631.46 810.77
676.55 810.42
722.57 811.11
768.40 811.92
358.25 857.02
403.58 856.74
449.23 856.64
495.05 856.19
541.09 856.48
586.16 856.66
631.31 856.81
676.43 857.09
495.07 903.53
540.84 903.04
