495.52 38.39
540.75 38.15
359.80 83.93
405.13 84.07
450.39 83.76
495.51 84.24
541.01 84.10
586.37 84.10
632.17 84.62
678.02 84.78
268.65 129.63
313.96 129.74
359.53 129.54
404.84 129.48
450.12 129.46
495.45 129.82
541.19 130.05
586.36 130.01
632.19 129.78
678.39 130.21
723.43 130.73
768.17 130.38
223.26 174.77
268.66 174.70
313.95 174.55
359.28 174.54
404.75 175.12
450.19 175.17
495.79 175.18
540.80 175.11
586.28 175.18
632.30 175.58
678.42 175.06
723.18 174.85
768.04 175.08
813.39 175.38
177.71 219.55
223.07 219.77
268.73 220.13
313.75 219.91
359.34 220.03
404.85 220.23
450.21 220.02
495.51 220.12
540.73 220.37
586.38 220.47
632.22 220.37
677.84 220.10
723.28 219.89
768.42 220.00
813.50 220.36
858.58 220.95
178.00 265.93
223.19 265.69
268.15 265.78
313.41 265.17
359.40 265.40
404.88 265.56
450.54 265.71
495.41 265.63
540.74 265.66
586.39 265.70
632.32 265.52
677.53 265.56
723.42 266.21
768.80 266.12
813.64 266.36
858.56 266.68
131.99 311.64
178.08 312.02
222.97 311.79
267.70 311.43
313.54 311.39
359.37 310.78
404.66 310.90
450.14 310.57
495.51 311.14
540.57 311.33
586.15 311.05
632.24 310.95
677.73 311.45
723.35 312.01
768.81 311.63
814.06 312.08
858.69 312.07
904.72 312.63
132.12 356.59
178.00 356.94
222.86 356.87
267.57 356.92
313.15 356.24
358.95 356.49
404.56 356.09
450.48 356.47
495.62 356.59
540.51 356.55
585.79 356.66
632.43 356.61
678.28 357.09
723.35 357.07
768.53 357.14
813.88 357.22
859.19 357.57
905.01 357.53
131.44 402.16
177.85 401.91
223.01 401.92
267.49 402.44
313.00 402.14
358.93 401.85
404.44 402.10
450.43 402.16
495.72 402.25
540.54 402.56
585.70 402.74
632.48 403.05
678.23 402.55
723.28 402.43
768.92 402.66
813.71 402.80
859.32 402.56
905.09 402.10
83.43 447.39
131.30 446.75
177.85 446.95
223.11 447.40
267.31 447.48
312.92 446.99
358.74 447.58
404.62 447.02
450.53 447.21
496.12 447.88
540.86 447.81
585.96 447.87
632.22 447.85
677.92 448.07
723.20 447.97
768.88 447.96
813.68 447.92
859.13 447.92
905.01 447.51
952.17 447.67
83.02 493.28
130.91 493.19
177.47 492.63
222.78 492.29
267.74 492.94
312.86 493.17
358.36 493.30
404.24 493.00
451.04 492.90
496.28 493.21
540.84 493.39
586.02 493.54
631.89 493.18
678.05 493.00
723.30 493.52
768.39 492.80
813.65 493.04
858.97 493.33
905.37 493.32
952.29 493.69
130.27 538.06
177.14 538.06
222.92 537.64
268.49 538.44
313.22 538.57
357.88 538.49
403.72 538.30
450.92 537.74
496.21 538.64
540.64 539.03
585.71 538.39
631.90 537.94
677.61 538.45
722.93 538.58
768.08 538.32
813.47 538.60
858.89 538.63
905.44 538.23
129.76 584.86
176.90 584.11
222.78 583.58
268.87 583.43
313.35 583.56
357.96 583.70
403.40 584.38
450.77 584.00
496.04 583.21
540.53 582.81
585.90 583.70
632.16 583.98
677.84 584.09
722.81 583.97
768.00 583.98
813.49 584.28
859.01 584.32
905.53 584.88
129.12 630.16
176.23 629.67
222.52 628.92
268.55 628.50
313.53 628.72
358.61 629.35
403.79 630.50
449.48 629.84
494.86 628.27
541.04 627.92
586.69 628.99
632.39 629.63
678.12 629.83
723.05 629.49
768.16 629.79
813.78 630.07
859.25 630.02
905.55 629.87
175.32 674.74
222.05 674.00
268.16 674.21
313.42 674.00
359.31 674.04
404.18 675.04
448.56 674.64
494.13 675.08
541.50 675.08
587.16 675.23
632.30 674.93
677.56 675.05
722.81 674.71
768.41 674.68
814.03 674.70
859.41 675.26
174.57 719.97
221.58 719.70
268.57 719.51
313.88 719.87
359.03 719.92
403.99 720.03
448.94 720.30
495.10 721.14
540.91 721.21
586.92 720.92
631.87 720.68
677.25 720.37
722.23 720.19
768.02 719.72
814.03 719.58
860.47 720.66
221.18 765.68
268.68 765.53
313.96 765.21
359.03 764.95
404.26 765.08
449.28 765.39
495.43 765.47
540.59 766.03
586.60 766.11
631.67 765.68
676.64 765.25
722.14 765.42
767.61 765.70
814.24 765.87
267.72 811.62
313.25 810.51
358.67 810.33
404.16 810.57
449.31 810.27
495.33 810.26
541.03 810.41
586.19 811.02
631.46 810.76
676.58 810.42
722.57 811.11
768.36 811.88
358.29 856.99
403.59 856.70
449.23 856.65
495.06 856.17
541.09 856.47
586.13 856.66
631.34 856.80
676.46 857.03
495.08 903.48
540.84 903.01
