495.61 38.40
540.69 38.10
359.80 84.02
405.13 84.10
450.49 83.65
495.54 84.14
540.93 84.01
586.32 84.00
632.09 84.61
677.80 84.88
268.62 129.72
313.96 129.81
359.47 129.56
404.86 129.56
450.15 129.44
495.47 129.79
541.20 129.95
586.44 130.04
632.25 129.85
678.28 130.34
723.31 130.83
767.95 130.49
223.28 174.78
268.63 174.74
313.88 174.66
359.18 174.66
404.68 175.27
450.13 175.22
495.85 175.30
541.01 175.13
586.29 175.22
632.43 175.70
678.30 175.21
723.02 174.94
767.84 175.20
813.29 175.37
177.72 219.59
223.09 219.75
268.71 220.23
313.71 220.04
359.19 220.16
404.84 220.38
450.07 220.14
495.52 220.27
540.82 220.51
586.42 220.57
632.29 220.44
677.78 220.22
723.15 220.01
768.29 220.16
813.39 220.52
858.50 221.13
177.98 265.93
223.28 265.72
268.20 265.76
313.49 265.26
359.30 265.50
404.84 265.66
450.53 265.90
495.49 265.74
540.84 265.81
586.39 265.76
632.37 265.55
677.56 265.63
723.21 266.34
768.61 266.31
813.46 266.47
858.48 266.80
131.94 311.73
178.10 312.18
223.00 311.92
267.69 311.48
313.50 311.33
359.28 310.77
404.60 310.95
450.03 310.62
495.55 311.29
540.63 311.38
586.21 311.07
632.22 310.90
677.73 311.45
723.25 311.99
768.64 311.76
813.87 312.09
858.65 312.17
904.58 312.77
132.08 356.57
177.95 356.98
222.92 356.86
267.51 356.87
313.13 356.16
358.91 356.44
404.48 356.11
450.51 356.55
495.65 356.64
540.42 356.53
585.70 356.70
632.39 356.62
678.24 357.07
723.31 357.12
768.42 357.20
813.79 357.22
859.17 357.60
904.92 357.59
131.39 402.09
177.77 401.86
222.97 401.86
267.46 402.43
313.03 402.10
358.91 401.78
404.52 402.02
450.51 402.11
495.83 402.27
540.50 402.66
585.56 402.85
632.41 403.20
678.15 402.71
723.26 402.46
768.84 402.76
813.56 402.83
859.27 402.51
905.08 402.08
83.50 447.37
131.26 446.74
177.84 446.92
223.08 447.42
267.23 447.45
312.84 446.99
358.71 447.57
404.64 446.99
450.75 447.26
496.28 447.89
540.85 447.87
585.93 447.87
632.15 447.87
677.89 448.10
723.16 448.12
768.75 447.94
813.55 447.92
858.98 447.87
904.93 447.49
952.16 447.64
83.03 493.18
130.87 493.11
177.48 492.49
222.77 492.29
267.70 492.90
312.79 493.23
358.36 493.32
404.21 492.94
451.27 492.84
496.48 493.14
540.80 493.38
586.01 493.51
631.86 493.16
677.97 492.94
723.21 493.49
768.24 492.77
813.59 493.04
858.85 493.25
905.27 493.32
952.11 493.68
130.21 537.96
177.17 537.94
223.01 537.62
268.56 538.36
313.19 538.57
357.76 538.56
403.73 538.35
451.17 537.69
496.44 538.54
540.79 538.94
585.68 538.43
631.82 537.91
677.60 538.38
722.86 538.56
767.93 538.31
813.35 538.56
858.90 538.51
905.41 538.19
129.61 584.78
176.95 584.08
222.81 583.47
268.95 583.42
313.36 583.46
357.79 583.67
403.36 584.42
450.89 583.97
496.06 583.19
540.56 582.78
585.95 583.63
632.14 583.82
677.78 584.04
722.73 583.89
767.87 583.95
813.36 584.28
859.04 584.36
905.44 584.95
129.10 630.17
176.22 629.61
222.61 628.74
268.62 628.45
313.55 628.75
358.49 629.44
403.71 630.59
449.48 629.78
494.86 628.22
541.10 627.92
586.70 628.82
632.39 629.47
678.16 629.73
722.99 629.49
768.07 629.74
813.73 630.08
859.19 630.04
905.54 629.95
175.20 674.72
222.08 674.03
268.33 674.31
313.47 674.13
359.29 674.16
404.08 675.16
448.37 674.66
494.04 675.12
541.59 675.16
587.29 675.20
632.36 674.87
677.70 675.04
722.75 674.73
768.37 674.65
814.00 674.66
859.45 675.25
174.55 720.04
221.67 719.80
268.62 719.71
313.96 719.95
359.06 719.93
403.82 720.07
448.78 720.42
495.07 721.30
540.99 721.41
586.96 721.01
631.81 720.72
677.19 720.41
722.17 720.14
768.02 719.70
814.01 719.53
860.47 720.63
221.29 765.83
268.83 765.67
314.01 765.35
358.98 764.96
404.05 765.14
449.11 765.52
495.41 765.59
540.67 766.11
586.70 766.16
631.72 765.73
676.54 765.25
722.18 765.37
767.52 765.64
814.31 765.87
267.84 811.73
313.32 810.60
358.55 810.37
404.12 810.60
449.19 810.34
495.26 810.29
541.09 810.43
586.34 811.06
631.49 810.84
676.51 810.44
722.51 811.12
768.33 811.93
358.22 857.14
403.52 856.82
449.20 856.72
494.96 856.25
541.11 856.54
586.28 856.65
631.22 856.83
676.37 857.19
495.03 903.56
540.76 903.13
