495.54 38.37
540.76 38.12
359.85 83.94
405.18 84.08
450.39 83.73
495.51 84.25
540.95 84.06
586.37 84.11
632.19 84.61
678.01 84.79
268.66 129.65
313.99 129.78
359.60 129.55
404.89 129.48
450.13 129.46
495.46 129.84
541.21 130.05
586.37 130.06
632.22 129.79
678.38 130.22
723.45 130.71
768.14 130.42
223.26 174.75
268.65 174.70
313.94 174.57
359.32 174.56
404.79 175.14
450.18 175.16
495.82 175.21
540.86 175.10
586.27 175.18
632.36 175.63
678.40 175.07
723.17 174.84
768.04 175.09
813.41 175.34
177.71 219.56
223.07 219.75
268.76 220.14
313.77 219.94
359.36 220.04
404.93 220.24
450.19 220.04
495.50 220.15
540.72 220.39
586.36 220.49
632.24 220.39
677.85 220.13
723.29 219.91
768.46 219.99
813.51 220.35
858.60 220.97
177.99 265.92
223.20 265.68
268.19 265.73
313.45 265.18
359.39 265.37
404.93 265.54
450.57 265.73
495.42 265.67
540.77 265.71
586.37 265.70
632.30 265.49
677.54 265.57
723.38 266.27
768.76 266.13
813.62 266.36
858.57 266.70
131.97 311.67
178.11 312.01
222.96 311.80
267.71 311.47
313.57 311.39
359.37 310.79
404.65 310.94
450.13 310.57
495.53 311.19
540.56 311.34
586.14 311.03
632.25 310.95
677.75 311.47
723.33 312.04
768.80 311.67
814.03 312.07
858.73 312.14
904.73 312.66
132.16 356.61
178.04 356.96
222.89 356.89
267.57 356.91
313.19 356.26
358.95 356.50
404.55 356.10
450.45 356.51
495.65 356.61
540.54 356.56
585.75 356.68
632.40 356.61
678.26 357.07
723.33 357.10
768.48 357.18
813.85 357.24
859.23 357.57
905.00 357.54
131.46 402.13
177.88 401.89
223.03 401.92
267.50 402.45
313.00 402.15
358.94 401.84
404.47 402.08
450.40 402.16
495.76 402.28
540.58 402.60
585.65 402.75
632.48 403.10
678.23 402.56
723.31 402.44
768.89 402.71
813.69 402.85
859.34 402.57
905.08 402.05
83.44 447.40
131.32 446.75
177.88 446.97
223.15 447.43
267.29 447.49
312.92 447.01
358.78 447.59
404.63 447.04
450.54 447.22
496.16 447.92
540.86 447.82
585.92 447.86
632.19 447.89
677.96 448.08
723.24 447.98
768.87 447.94
813.67 447.95
859.11 447.94
905.01 447.48
952.16 447.71
83.00 493.27
130.94 493.21
177.49 492.61
222.81 492.31
267.78 492.91
312.90 493.18
358.41 493.29
404.25 493.00
451.06 492.90
496.29 493.25
540.87 493.40
586.00 493.54
631.90 493.21
678.02 493.00
723.31 493.46
768.39 492.77
813.66 493.01
858.93 493.31
905.33 493.35
952.26 493.67
130.23 538.04
177.18 538.04
222.96 537.67
268.52 538.47
313.23 538.59
357.88 538.47
403.75 538.29
450.96 537.77
496.21 538.68
540.65 539.05
585.71 538.41
631.89 537.97
677.63 538.43
723.00 538.58
768.12 538.31
813.47 538.58
858.88 538.62
905.44 538.23
129.74 584.85
176.90 584.07
222.78 583.57
268.89 583.44
313.33 583.52
357.95 583.67
403.38 584.33
450.80 584.02
496.05 583.22
540.50 582.77
585.89 583.72
632.16 583.96
677.81 584.10
722.81 583.96
768.00 583.98
813.49 584.28
859.02 584.36
905.52 584.90
129.14 630.17
176.23 629.61
222.59 628.86
268.55 628.45
313.56 628.68
358.62 629.31
403.80 630.47
449.51 629.80
494.86 628.21
541.05 627.89
586.66 628.96
632.39 629.61
678.12 629.79
723.06 629.47
768.15 629.78
813.79 630.05
859.25 630.02
905.52 629.89
175.31 674.71
222.04 674.00
268.17 674.21
313.44 674.02
359.33 674.06
404.23 675.07
448.55 674.61
494.13 675.04
541.55 675.06
587.19 675.21
632.34 674.92
677.58 675.06
722.83 674.72
768.45 674.71
814.03 674.71
859.42 675.27
174.56 719.96
221.60 719.66
268.58 719.51
313.89 719.86
359.06 719.87
404.00 720.03
448.91 720.29
495.11 721.13
540.96 721.22
586.92 720.94
631.87 720.66
677.22 720.37
722.28 720.14
768.07 719.70
814.07 719.55
860.48 720.68
221.25 765.69
268.70 765.54
313.99 765.21
359.05 764.96
404.25 765.09
449.30 765.41
495.48 765.51
540.59 766.04
586.61 766.11
631.66 765.68
676.64 765.27
722.19 765.39
767.64 765.70
814.28 765.84
267.75 811.61
313.25 810.52
358.65 810.33
404.18 810.59
449.35 810.30
495.29 810.28
540.97 810.40
586.20 811.01
631.51 810.81
676.57 810.41
722.59 811.09
768.41 811.91
358.28 857.05
403.57 856.76
449.25 856.64
495.02 856.16
541.08 856.47
586.14 856.65
631.34 856.80
676.44 857.09
495.05 903.52
540.84 903.03
