495.20 40.08
541.07 40.06
359.64 86.70
404.87 87.03
450.49 86.90
495.40 87.36
540.80 87.37
586.13 86.97
632.10 87.68
677.32 87.62
268.62 132.05
313.67 132.27
359.40 132.60
405.15 133.02
450.34 133.08
495.64 133.13
541.00 133.54
586.32 133.00
631.84 133.30
677.54 133.71
723.08 133.64
768.33 133.23
223.38 177.53
268.83 177.52
314.13 177.34
359.25 177.67
404.70 177.88
450.24 177.98
496.08 177.69
540.63 177.42
586.22 177.64
632.12 178.21
677.56 178.59
722.87 178.30
768.23 178.38
813.49 178.13
177.80 222.58
223.21 223.10
268.82 223.21
313.72 222.65
359.39 222.83
404.43 222.69
450.02 222.23
495.61 222.07
540.76 222.24
586.73 222.50
632.46 223.08
677.13 222.92
723.12 222.80
768.52 223.30
813.87 223.56
859.29 223.73
178.06 268.50
223.08 267.89
268.31 268.05
313.57 267.25
359.19 267.25
404.34 267.27
449.87 267.34
495.11 266.92
541.25 267.00
586.77 267.13
632.24 267.08
677.12 267.77
723.17 268.32
768.74 268.34
813.96 268.72
859.20 268.88
131.74 313.65
177.72 313.61
222.69 312.88
268.16 312.59
313.23 312.65
359.13 312.12
404.38 312.30
449.73 311.94
495.22 312.38
541.03 312.31
586.81 312.28
632.41 312.13
677.67 312.69
723.20 313.40
768.69 313.30
814.11 313.51
859.05 313.76
905.00 314.08
131.60 358.07
176.88 358.27
222.31 357.71
268.00 357.76
313.06 357.16
358.52 357.33
404.14 357.42
449.65 357.03
495.23 357.42
540.95 357.09
586.37 357.31
632.54 357.31
678.45 357.71
723.54 357.98
768.51 357.92
814.61 358.17
859.56 358.73
905.42 359.26
131.01 403.30
176.61 402.99
222.02 402.99
267.55 402.80
312.91 402.46
358.55 402.36
404.09 402.68
449.43 402.55
495.16 402.32
540.75 402.55
586.46 402.74
632.14 402.95
678.25 402.85
723.56 402.45
769.01 402.67
814.55 403.59
859.90 403.65
905.65 403.85
83.80 448.66
130.62 448.01
176.36 448.12
221.97 448.01
266.95 447.52
312.71 447.05
358.53 447.57
404.13 447.38
449.86 447.56
495.33 447.42
540.82 447.31
586.52 447.64
632.26 447.62
678.04 447.91
723.38 448.00
769.28 447.99
814.72 448.52
859.95 448.62
905.77 448.75
951.91 448.90
83.16 493.54
130.02 493.71
176.12 493.23
221.71 492.80
266.63 492.80
312.37 492.92
357.99 492.73
403.52 492.22
449.84 492.21
495.33 492.54
540.86 492.65
586.84 492.88
632.27 492.99
677.84 492.78
723.78 493.29
769.47 493.15
814.98 493.53
860.25 493.88
905.98 494.06
952.09 494.42
129.57 538.49
175.66 538.44
221.28 537.99
266.84 538.16
312.48 537.69
357.65 537.91
403.36 537.60
449.86 537.16
495.16 537.96
541.06 537.99
586.44 537.89
632.56 537.54
678.31 537.91
723.86 538.46
769.43 538.35
814.85 538.77
860.43 539.25
906.19 539.09
129.01 584.37
175.33 584.16
221.10 583.46
266.77 583.34
312.32 583.20
357.54 583.41
403.24 583.22
449.54 583.05
495.31 583.25
540.83 583.22
586.51 583.54
632.47 583.55
678.42 583.53
723.94 583.96
769.60 583.85
815.10 584.11
860.45 584.39
906.62 584.50
128.87 629.14
175.08 629.23
220.85 628.94
266.37 628.45
312.11 628.14
357.76 628.49
403.16 629.09
448.88 628.94
494.96 628.54
541.10 628.35
586.69 629.00
632.45 629.29
678.35 629.23
723.85 629.03
769.67 629.93
815.15 629.99
860.60 630.16
906.35 629.82
174.53 674.33
220.27 673.85
265.87 674.09
311.46 674.02
358.33 673.36
403.27 674.29
448.70 673.90
494.94 674.49
541.26 674.45
587.02 674.70
632.66 674.51
678.02 674.84
723.77 674.92
770.09 674.96
815.54 675.08
860.90 675.34
174.25 720.07
220.19 719.83
266.13 719.98
312.07 719.90
357.63 719.69
403.11 719.49
448.99 719.66
494.97 720.16
540.92 719.63
586.88 719.92
632.44 719.83
678.12 720.07
724.12 720.53
769.87 720.52
815.64 720.42
861.33 721.28
219.83 765.91
266.41 766.05
311.97 765.51
357.50 765.33
403.30 765.45
449.29 765.16
495.07 765.07
540.52 765.31
586.45 765.68
632.44 765.86
678.18 765.80
724.34 766.16
769.91 766.30
815.89 766.69
265.45 812.28
311.40 811.53
357.16 811.26
403.18 811.08
448.95 810.45
494.82 810.59
540.62 810.67
586.54 811.14
632.68 811.54
678.72 811.46
724.51 812.38
770.71 812.80
356.50 858.38
402.10 857.99
448.83 857.56
494.32 857.61
540.91 857.48
586.31 857.93
632.78 858.36
678.87 858.64
494.69 906.03
540.99 905.12
