495.23 39.95
541.10 39.91
359.66 86.53
404.90 86.82
450.54 86.65
495.43 87.11
540.81 87.13
586.17 86.78
632.10 87.44
677.40 87.44
268.65 131.88
313.69 132.09
359.39 132.42
405.12 132.80
450.38 132.82
495.62 132.88
540.98 133.30
586.31 132.78
631.86 133.02
677.60 133.44
723.13 133.40
768.29 133.03
223.41 177.33
268.84 177.33
314.14 177.11
359.26 177.49
404.72 177.71
450.29 177.78
496.05 177.51
540.64 177.26
586.22 177.49
632.12 178.01
677.59 178.34
722.92 178.01
768.22 178.15
813.50 177.94
177.77 222.34
223.23 222.85
268.80 222.94
313.73 222.44
359.40 222.62
404.46 222.52
450.07 222.12
495.60 221.93
540.77 222.07
586.72 222.40
632.44 222.90
677.15 222.70
723.14 222.61
768.54 223.10
813.89 223.35
859.19 223.50
178.04 268.32
223.11 267.74
268.33 267.87
313.57 267.11
359.23 267.11
404.41 267.12
449.92 267.22
495.16 266.82
541.25 266.88
586.70 267.02
632.24 266.99
677.15 267.63
723.20 268.20
768.76 268.21
813.93 268.56
859.18 268.71
131.77 313.52
177.73 313.48
222.70 312.74
268.15 312.47
313.27 312.55
359.18 312.01
404.39 312.17
449.77 311.85
495.25 312.29
541.05 312.25
586.77 312.16
632.38 312.05
677.70 312.60
723.20 313.30
768.68 313.18
814.13 313.38
859.05 313.68
905.01 314.02
131.63 357.97
176.97 358.19
222.35 357.64
267.98 357.70
313.08 357.09
358.60 357.22
404.22 357.33
449.73 356.94
495.26 357.38
540.92 357.03
586.32 357.25
632.51 357.28
678.43 357.67
723.55 357.93
768.55 357.87
814.61 358.11
859.55 358.64
905.41 359.14
131.04 403.23
176.70 402.92
222.10 402.91
267.56 402.77
312.91 402.45
358.58 402.31
404.13 402.60
449.53 402.51
495.24 402.31
540.75 402.56
586.40 402.72
632.13 402.95
678.28 402.81
723.60 402.46
769.02 402.68
814.53 403.51
859.88 403.55
905.68 403.70
83.75 448.59
130.65 447.91
176.48 448.03
222.04 447.96
267.01 447.50
312.74 447.04
358.54 447.54
404.16 447.33
449.93 447.54
495.40 447.46
540.79 447.34
586.46 447.67
632.27 447.66
678.04 447.93
723.42 447.97
769.23 447.97
814.69 448.52
859.93 448.53
905.75 448.70
951.93 448.81
83.13 493.52
130.05 493.65
176.26 493.12
221.80 492.75
266.70 492.82
312.46 492.93
358.05 492.77
403.58 492.26
449.93 492.25
495.40 492.60
540.87 492.70
586.78 492.91
632.23 492.98
677.85 492.78
723.73 493.28
769.37 493.09
814.91 493.47
860.19 493.81
905.99 493.99
952.13 494.36
129.58 538.42
175.77 538.39
221.43 537.97
266.96 538.19
312.58 537.76
357.68 537.99
403.39 537.66
449.95 537.22
495.26 538.02
541.05 538.06
586.39 537.93
632.51 537.60
678.28 537.95
723.75 538.46
769.36 538.32
814.77 538.70
860.33 539.16
906.16 538.99
129.03 584.42
175.45 584.18
221.27 583.45
266.93 583.37
312.42 583.24
357.60 583.43
403.25 583.28
449.64 583.12
495.38 583.24
540.80 583.18
586.47 583.55
632.44 583.59
678.37 583.58
723.85 583.93
769.49 583.87
814.99 584.14
860.39 584.38
906.58 584.48
128.88 629.22
175.11 629.26
221.01 628.93
266.53 628.47
312.21 628.18
357.82 628.55
403.20 629.23
448.94 629.00
494.96 628.51
541.07 628.35
586.69 629.02
632.45 629.35
678.32 629.27
723.75 629.08
769.54 629.92
815.07 629.98
860.55 630.13
906.34 629.80
174.61 674.38
220.40 673.86
266.09 674.14
311.63 674.04
358.37 673.43
403.31 674.36
448.68 673.96
494.90 674.53
541.33 674.49
587.06 674.74
632.63 674.56
677.97 674.84
723.65 674.94
769.94 674.93
815.39 675.05
860.79 675.33
174.27 720.14
220.34 719.87
266.32 719.99
312.20 719.96
357.70 719.75
403.17 719.54
448.96 719.70
495.03 720.23
540.99 719.77
586.90 720.00
632.40 719.90
678.03 720.11
723.95 720.52
769.68 720.48
815.50 720.36
861.25 721.28
219.95 765.90
266.56 766.04
312.10 765.50
357.53 765.32
403.33 765.42
449.29 765.18
495.12 765.08
540.56 765.34
586.50 765.69
632.36 765.85
678.07 765.76
724.15 766.08
769.70 766.22
815.74 766.64
265.61 812.28
311.52 811.45
357.23 811.16
403.20 811.02
448.98 810.46
494.89 810.62
540.67 810.63
586.55 811.05
632.60 811.46
678.56 811.38
724.34 812.26
770.51 812.75
356.61 858.29
402.16 857.89
448.85 857.49
494.42 857.49
540.96 857.37
586.31 857.86
632.68 858.20
678.69 858.54
494.73 905.87
541.01 904.96
