495.51 38.21
540.72 37.98
359.80 83.76
405.14 83.94
450.40 83.59
495.51 84.05
540.94 83.94
586.34 83.91
632.16 84.51
677.96 84.68
268.61 129.54
313.99 129.68
359.49 129.50
404.79 129.32
450.16 129.28
495.46 129.68
541.25 129.89
586.43 129.95
632.22 129.65
678.42 130.09
723.36 130.62
768.13 130.30
223.22 174.61
268.57 174.53
313.94 174.38
359.25 174.42
404.74 174.99
450.17 175.06
495.78 175.06
540.76 175.00
586.33 175.01
632.37 175.49
678.43 174.90
723.12 174.67
767.96 174.94
813.31 175.22
177.70 219.40
223.06 219.60
268.74 219.98
313.79 219.71
359.33 219.88
404.93 220.10
450.22 219.85
495.50 219.95
540.79 220.20
586.31 220.25
632.27 220.21
677.77 219.93
723.21 219.69
768.36 219.86
813.49 220.16
858.55 220.78
177.97 265.79
223.20 265.58
268.05 265.64
313.36 265.03
359.41 265.20
404.92 265.37
450.57 265.50
495.38 265.49
540.75 265.55
586.33 265.50
632.34 265.29
677.53 265.38
723.42 265.98
768.72 265.94
813.61 266.20
858.52 266.54
131.95 311.55
178.09 311.93
222.94 311.69
267.61 311.36
313.55 311.27
359.34 310.62
404.64 310.71
450.11 310.31
495.46 311.03
540.57 311.21
586.14 310.90
632.25 310.75
677.71 311.25
723.27 311.84
768.81 311.45
814.08 311.92
858.65 311.96
904.59 312.56
132.11 356.42
178.00 356.80
222.83 356.79
267.49 356.80
313.13 356.08
358.90 356.34
404.56 355.85
450.50 356.33
495.56 356.44
540.47 356.38
585.74 356.47
632.46 356.44
678.30 356.94
723.35 356.95
768.53 356.97
813.77 357.08
859.12 357.42
904.95 357.44
131.37 402.03
177.81 401.73
223.01 401.80
267.44 402.33
312.91 401.98
358.93 401.66
404.48 401.92
450.50 402.05
495.69 402.08
540.49 402.43
585.64 402.66
632.50 402.93
678.25 402.46
723.28 402.24
768.97 402.52
813.63 402.61
859.30 402.37
905.08 401.91
83.23 447.29
131.27 446.59
177.88 446.78
223.14 447.24
267.17 447.34
312.84 446.90
358.69 447.50
404.58 446.87
450.58 447.07
496.14 447.74
540.89 447.69
585.93 447.71
632.23 447.68
677.96 447.95
723.23 447.79
768.84 447.82
813.62 447.81
859.12 447.79
904.95 447.33
952.29 447.50
82.74 493.13
130.85 493.10
177.51 492.41
222.77 492.08
267.64 492.74
312.80 493.06
358.33 493.13
404.22 492.84
451.08 492.71
496.34 493.00
540.89 493.28
586.03 493.43
631.86 493.02
678.09 492.83
723.30 493.36
768.37 492.61
813.61 492.84
858.89 493.15
905.34 493.11
952.44 493.54
130.07 537.91
177.15 537.87
222.84 537.46
268.51 538.33
313.17 538.48
357.78 538.39
403.66 538.10
450.91 537.49
496.28 538.47
540.65 538.90
585.60 538.21
631.87 537.80
677.60 538.28
722.87 538.44
768.02 538.13
813.38 538.39
858.87 538.44
905.44 538.03
129.60 584.82
176.94 583.95
222.70 583.40
268.87 583.29
313.28 583.43
357.83 583.60
403.36 584.27
450.85 583.87
496.04 582.97
540.49 582.57
585.83 583.58
632.14 583.82
677.81 583.97
722.75 583.78
767.96 583.78
813.40 584.09
858.98 584.19
905.59 584.74
128.98 630.12
176.15 629.53
222.43 628.77
268.56 628.38
313.48 628.58
358.52 629.24
403.80 630.42
449.42 629.72
494.81 628.03
541.09 627.66
586.68 628.80
632.44 629.47
678.16 629.65
723.03 629.31
768.13 629.56
813.70 629.91
859.21 629.89
905.63 629.69
175.19 674.62
222.03 673.84
268.16 673.97
313.41 673.81
359.27 673.90
404.15 674.87
448.47 674.49
494.02 674.94
541.64 674.95
587.20 675.10
632.28 674.73
677.52 674.91
722.76 674.57
768.40 674.47
814.02 674.51
859.39 675.13
174.39 719.84
221.49 719.50
268.57 719.30
313.85 719.64
359.00 719.74
403.93 719.80
448.86 720.13
495.02 721.05
540.94 721.13
586.95 720.76
631.84 720.49
677.17 720.22
722.13 720.00
767.97 719.54
814.06 719.32
860.61 720.45
221.07 765.46
268.63 765.35
313.98 765.05
359.01 764.76
404.24 764.88
449.24 765.22
495.45 765.28
540.57 765.89
586.62 765.94
631.62 765.44
676.52 765.01
722.12 765.16
767.54 765.49
814.29 765.64
267.66 811.51
313.21 810.31
358.61 810.09
404.10 810.35
449.28 810.03
495.27 810.03
541.08 810.13
586.24 810.77
631.40 810.47
676.54 810.22
722.54 810.88
768.32 811.69
358.23 856.82
403.59 856.52
449.22 856.48
495.03 855.93
541.20 856.20
586.18 856.42
631.25 856.54
676.40 856.85
495.04 903.33
540.85 902.86
