495.49 38.22
540.67 38.02
359.74 83.74
405.09 83.96
450.36 83.64
495.51 84.12
541.01 83.96
586.32 83.97
632.16 84.49
677.99 84.67
268.60 129.46
313.93 129.63
359.42 129.46
404.78 129.37
450.08 129.32
495.41 129.71
541.19 129.93
586.42 129.94
632.27 129.61
678.44 130.09
723.36 130.68
768.13 130.26
223.26 174.60
268.58 174.51
313.95 174.33
359.21 174.38
404.72 174.98
450.18 175.06
495.74 175.08
540.72 175.03
586.35 175.00
632.34 175.45
678.46 174.88
723.15 174.63
767.94 174.95
813.35 175.20
177.71 219.38
223.08 219.61
268.73 220.02
313.73 219.71
359.29 219.86
404.80 220.03
450.25 219.81
495.49 219.96
540.80 220.21
586.30 220.27
632.19 220.23
677.75 219.89
723.21 219.69
768.39 219.89
813.48 220.17
858.53 220.82
177.95 265.78
223.23 265.61
268.04 265.64
313.34 265.01
359.44 265.21
404.85 265.37
450.50 265.54
495.35 265.46
540.70 265.52
586.37 265.55
632.29 265.30
677.48 265.42
723.45 266.01
768.77 265.99
813.61 266.26
858.54 266.50
131.98 311.50
178.07 311.94
222.96 311.65
267.59 311.34
313.52 311.27
359.32 310.57
404.68 310.73
450.13 310.32
495.40 311.00
540.57 311.23
586.11 310.94
632.23 310.83
677.67 311.27
723.25 311.91
768.80 311.44
814.08 311.93
858.61 311.88
904.58 312.48
132.08 356.34
177.97 356.78
222.83 356.75
267.50 356.82
313.11 356.08
358.97 356.35
404.60 355.84
450.50 356.26
495.55 356.43
540.44 356.38
585.74 356.45
632.48 356.54
678.31 356.97
723.32 356.93
768.50 357.01
813.81 357.09
859.13 357.42
904.96 357.41
131.41 402.05
177.80 401.73
223.02 401.77
267.42 402.34
312.90 401.96
358.91 401.72
404.46 401.94
450.48 402.02
495.65 402.06
540.46 402.44
585.65 402.68
632.50 402.95
678.26 402.45
723.19 402.28
768.95 402.56
813.58 402.62
859.25 402.44
905.11 402.00
83.30 447.24
131.31 446.56
177.88 446.74
223.08 447.15
267.17 447.28
312.83 446.85
358.69 447.44
404.54 446.83
450.59 447.06
496.09 447.70
540.84 447.66
585.97 447.66
632.24 447.58
677.93 447.90
723.15 447.80
768.76 447.80
813.59 447.77
859.12 447.78
904.95 447.36
952.33 447.49
82.77 493.16
130.88 493.08
177.55 492.43
222.76 492.10
267.60 492.70
312.79 493.08
358.30 493.18
404.21 492.81
451.07 492.69
496.29 492.94
540.84 493.22
586.01 493.35
631.85 492.93
678.14 492.80
723.27 493.39
768.35 492.65
813.56 492.90
858.91 493.18
905.38 493.15
952.46 493.59
130.18 537.90
177.18 537.88
222.88 537.45
268.50 538.28
313.14 538.44
357.79 538.39
403.69 538.09
450.87 537.47
496.24 538.43
540.60 538.85
585.61 538.15
631.87 537.73
677.64 538.25
722.84 538.44
768.01 538.16
813.36 538.42
858.90 538.42
905.41 537.99
129.70 584.77
176.94 583.92
222.74 583.41
268.89 583.26
313.32 583.45
357.86 583.61
403.36 584.31
450.79 583.82
496.03 582.95
540.56 582.56
585.81 583.52
632.22 583.82
677.85 583.87
722.78 583.76
767.95 583.78
813.36 584.06
858.94 584.13
905.53 584.71
129.04 630.05
176.18 629.49
222.48 628.73
268.56 628.41
313.45 628.62
358.54 629.28
403.80 630.39
449.38 629.72
494.82 628.09
541.07 627.73
586.67 628.82
632.43 629.44
678.21 629.67
723.05 629.32
768.14 629.61
813.69 629.89
859.22 629.87
905.65 629.69
175.26 674.63
222.09 673.85
268.19 674.01
313.42 673.89
359.30 673.95
404.13 674.91
448.41 674.53
493.93 674.97
541.56 675.00
587.17 675.13
632.29 674.77
677.60 674.94
722.75 674.54
768.38 674.46
814.04 674.50
859.41 675.14
174.50 719.87
221.58 719.57
268.58 719.29
313.88 719.73
359.00 719.78
403.89 719.83
448.82 720.16
494.97 721.07
540.88 721.14
586.98 720.79
631.83 720.50
677.22 720.21
722.14 720.05
767.96 719.56
814.05 719.32
860.63 720.43
221.16 765.51
268.69 765.43
313.98 765.09
359.05 764.78
404.26 764.94
449.15 765.26
495.35 765.35
540.54 765.96
586.66 766.01
631.65 765.58
676.53 765.06
722.09 765.24
767.57 765.54
814.29 765.71
267.73 811.55
313.28 810.34
358.62 810.12
404.09 810.33
449.25 810.06
495.27 810.11
541.10 810.18
586.27 810.85
631.36 810.52
676.57 810.25
722.52 810.87
768.33 811.73
358.30 856.87
403.59 856.52
449.26 856.54
495.00 856.04
541.18 856.27
586.16 856.45
631.24 856.60
676.40 856.87
495.06 903.39
540.82 902.90
