495.20 40.08
541.05 40.05
359.65 86.68
404.87 87.01
450.50 86.88
495.40 87.34
540.81 87.36
586.13 86.95
632.10 87.66
677.32 87.60
268.62 132.04
313.68 132.23
359.40 132.62
405.14 133.01
450.32 133.05
495.64 133.12
541.01 133.53
586.31 132.97
631.85 133.28
677.55 133.71
723.08 133.62
768.35 133.23
223.37 177.56
268.83 177.52
314.13 177.34
359.25 177.66
404.69 177.89
450.22 177.98
496.08 177.69
540.62 177.45
586.23 177.63
632.10 178.19
677.58 178.61
722.87 178.31
768.24 178.36
813.51 178.09
177.83 222.62
223.20 223.12
268.84 223.24
313.71 222.65
359.39 222.84
404.43 222.69
450.03 222.22
495.62 222.07
540.74 222.26
586.71 222.48
632.49 223.08
677.13 222.92
723.14 222.80
768.51 223.28
813.88 223.54
859.28 223.71
178.04 268.49
223.09 267.88
268.30 268.00
313.56 267.21
359.18 267.25
404.34 267.26
449.87 267.33
495.12 266.91
541.21 267.00
586.76 267.12
632.26 267.07
677.13 267.77
723.20 268.29
768.73 268.32
813.97 268.69
859.23 268.85
131.74 313.65
177.72 313.61
222.71 312.91
268.18 312.57
313.21 312.65
359.11 312.13
404.40 312.28
449.76 311.95
495.21 312.37
541.00 312.27
586.79 312.28
632.40 312.12
677.68 312.68
723.21 313.39
768.69 313.29
814.12 313.51
859.07 313.74
904.99 314.05
131.59 358.06
176.86 358.29
222.32 357.74
267.99 357.77
313.06 357.15
358.52 357.32
404.12 357.39
449.67 357.02
495.23 357.39
540.99 357.07
586.38 357.32
632.51 357.30
678.45 357.70
723.56 357.97
768.51 357.90
814.62 358.19
859.57 358.72
905.46 359.25
131.02 403.31
176.60 402.98
222.01 402.99
267.58 402.82
312.89 402.45
358.55 402.36
404.09 402.69
449.44 402.55
495.17 402.32
540.77 402.56
586.44 402.71
632.12 402.96
678.23 402.87
723.57 402.47
769.02 402.66
814.56 403.58
859.92 403.65
905.64 403.88
83.79 448.67
130.61 448.03
176.37 448.14
221.95 448.02
266.95 447.56
312.68 447.06
358.53 447.62
404.14 447.41
449.85 447.58
495.33 447.41
540.82 447.31
586.53 447.66
632.27 447.64
678.07 447.90
723.38 447.98
769.29 448.02
814.74 448.55
859.98 448.63
905.77 448.75
951.95 448.92
83.14 493.56
130.02 493.71
176.12 493.24
221.70 492.80
266.63 492.81
312.34 492.93
357.99 492.74
403.52 492.22
449.84 492.23
495.33 492.56
540.86 492.66
586.86 492.91
632.28 493.01
677.83 492.81
723.75 493.29
769.45 493.17
814.97 493.56
860.27 493.92
905.99 494.06
952.13 494.43
129.58 538.48
175.65 538.43
221.28 538.00
266.82 538.15
312.51 537.72
357.66 537.93
403.37 537.63
449.84 537.15
495.15 537.98
541.06 537.98
586.45 537.90
632.56 537.51
678.29 537.93
723.84 538.48
769.45 538.39
814.86 538.79
860.47 539.30
906.20 539.11
129.00 584.36
175.34 584.18
221.11 583.46
266.79 583.34
312.33 583.19
357.60 583.38
403.29 583.23
449.54 583.05
495.31 583.25
540.82 583.23
586.52 583.53
632.42 583.54
678.43 583.52
723.94 583.96
769.64 583.86
815.12 584.13
860.47 584.39
906.68 584.50
128.87 629.12
175.08 629.24
220.84 628.94
266.37 628.47
312.09 628.15
357.75 628.49
403.19 629.07
448.88 628.92
494.96 628.53
541.13 628.34
586.68 629.01
632.45 629.30
678.35 629.24
723.82 629.04
769.71 629.94
815.16 630.01
860.64 630.18
906.38 629.82
174.51 674.33
220.29 673.84
265.87 674.08
311.47 673.97
358.33 673.33
403.28 674.29
448.68 673.87
494.90 674.47
541.24 674.47
587.03 674.69
632.69 674.53
678.03 674.85
723.78 674.93
770.10 675.00
815.52 675.08
860.93 675.35
174.23 720.07
220.14 719.80
266.14 719.96
312.05 719.89
357.63 719.69
403.12 719.51
449.00 719.66
494.95 720.13
540.92 719.63
586.89 719.92
632.45 719.84
678.12 720.05
724.12 720.54
769.89 720.47
815.64 720.43
861.34 721.26
219.88 765.89
266.41 766.00
311.99 765.51
357.51 765.27
403.28 765.42
449.31 765.17
495.03 765.07
540.50 765.30
586.46 765.63
632.43 765.82
678.18 765.80
724.33 766.12
769.95 766.26
815.87 766.65
265.45 812.26
311.41 811.52
357.19 811.27
403.21 811.07
448.94 810.43
494.81 810.59
540.62 810.67
586.54 811.12
632.66 811.52
678.70 811.46
724.51 812.40
770.73 812.79
356.51 858.35
402.08 857.96
448.83 857.53
494.32 857.59
540.93 857.47
586.29 857.90
632.79 858.34
678.86 858.62
494.68 906.04
540.98 905.11
