495.52 38.38
540.76 38.15
359.81 83.98
405.16 84.13
450.40 83.81
495.53 84.26
540.95 84.11
586.37 84.10
632.16 84.67
677.97 84.82
268.69 129.68
313.94 129.80
359.56 129.56
404.90 129.53
450.15 129.52
495.43 129.86
541.19 130.11
586.31 130.04
632.19 129.77
678.36 130.23
723.43 130.75
768.16 130.43
223.29 174.81
268.73 174.74
313.95 174.57
359.30 174.57
404.78 175.19
450.21 175.18
495.85 175.23
540.87 175.13
586.26 175.23
632.28 175.62
678.44 175.12
723.21 174.91
768.04 175.16
813.38 175.37
177.73 219.56
223.07 219.74
268.78 220.11
313.80 219.96
359.36 220.06
404.90 220.23
450.20 220.00
495.52 220.15
540.75 220.41
586.33 220.47
632.24 220.40
677.88 220.15
723.30 219.90
768.40 220.02
813.48 220.41
858.56 220.99
178.01 265.93
223.21 265.68
268.19 265.77
313.42 265.15
359.39 265.41
404.92 265.57
450.55 265.68
495.40 265.65
540.70 265.63
586.39 265.70
632.29 265.51
677.52 265.57
723.39 266.24
768.80 266.12
813.63 266.38
858.55 266.75
132.00 311.64
178.08 312.01
222.96 311.77
267.72 311.38
313.57 311.37
359.42 310.82
404.63 310.92
450.17 310.58
495.55 311.14
540.54 311.33
586.14 311.07
632.22 310.96
677.72 311.49
723.38 312.02
768.82 311.69
814.07 312.07
858.70 312.09
904.74 312.63
132.12 356.59
177.99 356.95
222.89 356.87
267.57 356.89
313.19 356.24
358.96 356.48
404.53 356.08
450.49 356.44
495.65 356.55
540.55 356.54
585.77 356.66
632.38 356.58
678.22 357.04
723.32 357.04
768.55 357.11
813.90 357.20
859.20 357.55
905.03 357.51
131.43 402.13
177.86 401.94
223.04 401.90
267.54 402.42
313.03 402.17
358.95 401.84
404.44 402.09
450.43 402.14
495.75 402.29
540.56 402.56
585.70 402.75
632.49 403.12
678.23 402.57
723.28 402.46
768.93 402.69
813.72 402.82
859.29 402.58
905.10 402.10
83.46 447.39
131.32 446.75
177.84 446.94
223.11 447.39
267.36 447.47
312.93 446.99
358.74 447.59
404.64 447.04
450.51 447.17
496.18 447.86
540.89 447.81
585.96 447.90
632.20 447.88
677.92 448.07
723.20 448.00
768.88 447.94
813.69 447.92
859.12 447.94
905.00 447.53
952.14 447.72
83.02 493.27
130.95 493.17
177.47 492.68
222.83 492.31
267.82 492.95
312.91 493.19
358.37 493.33
404.27 493.03
451.04 492.91
496.31 493.26
540.87 493.41
585.97 493.54
631.83 493.20
677.99 493.03
723.26 493.51
768.37 492.79
813.67 493.05
858.99 493.36
905.33 493.38
952.30 493.69
130.30 538.02
177.17 538.08
222.96 537.64
268.52 538.43
313.24 538.60
357.87 538.50
403.73 538.31
450.92 537.79
496.18 538.68
540.67 539.07
585.69 538.40
631.88 537.96
677.52 538.42
722.92 538.58
768.10 538.32
813.50 538.55
858.89 538.64
905.42 538.21
129.83 584.89
176.91 584.12
222.83 583.59
268.87 583.46
313.36 583.55
358.01 583.70
403.39 584.38
450.74 584.03
496.12 583.23
540.53 582.75
585.87 583.68
632.12 583.97
677.80 584.12
722.76 583.94
767.99 583.96
813.48 584.25
859.03 584.32
905.51 584.84
129.13 630.14
176.23 629.67
222.61 628.93
268.52 628.46
313.62 628.69
358.63 629.32
403.80 630.54
449.54 629.85
494.87 628.24
541.01 627.92
586.66 628.98
632.38 629.60
678.08 629.79
723.04 629.51
768.14 629.81
813.76 630.06
859.26 629.99
905.54 629.85
175.33 674.75
222.04 673.97
268.18 674.25
313.41 674.00
359.32 674.03
404.23 675.06
448.57 674.62
494.11 675.04
541.53 675.06
587.18 675.23
632.31 674.93
677.55 675.05
722.81 674.70
768.37 674.71
814.01 674.70
859.43 675.30
174.56 719.95
221.58 719.70
268.58 719.52
313.88 719.80
359.07 719.88
403.99 720.05
448.92 720.25
495.09 721.12
540.96 721.20
586.93 720.93
631.86 720.67
677.24 720.34
722.25 720.19
767.97 719.74
813.99 719.58
860.49 720.70
221.16 765.67
268.69 765.48
313.97 765.17
359.06 764.93
404.29 765.03
449.31 765.39
495.45 765.46
540.55 766.01
586.59 766.07
631.65 765.69
676.61 765.28
722.13 765.43
767.58 765.72
814.17 765.84
267.71 811.54
313.26 810.48
358.67 810.29
404.18 810.50
449.39 810.24
495.37 810.20
540.99 810.34
586.23 810.98
631.50 810.78
676.61 810.36
722.58 811.07
768.34 811.84
358.28 856.98
403.58 856.68
449.26 856.59
495.08 856.08
541.12 856.41
586.12 856.62
631.42 856.83
676.43 856.98
495.08 903.47
540.84 902.96
