495.57 38.29
540.71 38.11
359.82 84.00
405.10 84.11
450.42 83.72
495.52 84.17
540.95 84.08
586.28 84.03
632.16 84.56
677.95 84.82
268.58 129.69
313.97 129.86
359.54 129.63
404.78 129.48
450.15 129.47
495.46 129.85
541.17 130.02
586.38 130.01
632.15 129.82
678.40 130.24
723.40 130.72
768.18 130.47
223.22 174.72
268.60 174.70
313.92 174.56
359.27 174.57
404.71 175.11
450.17 175.19
495.77 175.20
540.75 175.08
586.22 175.17
632.38 175.69
678.38 175.07
723.15 174.84
768.03 175.04
813.43 175.38
177.70 219.56
223.09 219.78
268.70 220.16
313.73 219.96
359.32 220.05
404.91 220.27
450.19 220.03
495.49 220.17
540.74 220.36
586.37 220.53
632.21 220.45
677.80 220.10
723.30 219.90
768.43 219.99
813.53 220.31
858.64 220.97
178.00 265.94
223.19 265.70
268.10 265.75
313.45 265.18
359.39 265.37
404.91 265.54
450.47 265.74
495.46 265.65
540.78 265.71
586.30 265.75
632.35 265.52
677.56 265.58
723.35 266.20
768.77 266.12
813.64 266.31
858.64 266.67
131.97 311.73
178.09 312.05
222.97 311.80
267.71 311.48
313.54 311.36
359.32 310.76
404.64 310.88
450.13 310.57
495.55 311.14
540.56 311.30
586.17 311.07
632.28 310.94
677.73 311.51
723.30 312.03
768.78 311.60
813.98 312.06
858.73 312.17
904.64 312.73
132.14 356.62
177.98 356.91
222.86 356.86
267.57 356.85
313.13 356.22
359.00 356.48
404.51 356.12
450.47 356.51
495.64 356.64
540.49 356.55
585.73 356.69
632.39 356.66
678.29 357.15
723.37 357.13
768.45 357.19
813.84 357.22
859.24 357.59
905.00 357.58
131.38 402.16
177.80 401.88
222.99 401.87
267.46 402.45
312.99 402.16
358.94 401.85
404.47 402.10
450.44 402.21
495.74 402.28
540.48 402.70
585.64 402.82
632.47 403.16
678.20 402.66
723.36 402.48
768.92 402.71
813.65 402.89
859.37 402.58
905.13 402.12
83.41 447.41
131.27 446.72
177.82 446.96
223.10 447.42
267.29 447.48
312.87 447.03
358.74 447.60
404.65 447.04
450.62 447.25
496.16 447.95
540.85 447.84
585.97 447.88
632.21 447.90
677.99 448.13
723.20 448.04
768.83 448.03
813.62 447.99
859.13 448.00
905.00 447.49
952.18 447.68
83.07 493.25
130.90 493.17
177.49 492.56
222.75 492.31
267.71 492.90
312.83 493.21
358.36 493.28
404.22 492.98
451.13 492.89
496.33 493.13
540.87 493.40
586.09 493.55
631.96 493.23
678.04 492.98
723.29 493.44
768.37 492.75
813.62 493.00
858.90 493.28
905.33 493.29
952.27 493.69
130.19 538.02
177.16 537.98
222.98 537.66
268.49 538.47
313.24 538.67
357.82 538.58
403.67 538.28
451.02 537.68
496.26 538.61
540.66 539.07
585.72 538.41
631.93 537.91
677.71 538.42
722.93 538.56
768.04 538.31
813.42 538.59
858.88 538.57
905.51 538.21
129.61 584.85
176.89 584.05
222.75 583.51
268.91 583.43
313.30 583.50
357.86 583.67
403.39 584.35
450.88 583.96
496.00 583.17
540.53 582.82
585.90 583.71
632.16 583.92
677.81 584.10
722.77 583.87
767.97 583.92
813.42 584.26
859.03 584.31
905.59 584.87
129.06 630.18
176.23 629.62
222.53 628.81
268.64 628.44
313.56 628.66
358.56 629.31
403.78 630.51
449.51 629.84
494.88 628.25
541.10 627.91
586.67 628.90
632.33 629.57
678.10 629.73
722.97 629.36
768.15 629.70
813.77 629.99
859.24 630.00
905.59 629.90
175.22 674.71
222.07 673.99
268.21 674.18
313.45 674.01
359.32 674.02
404.18 675.04
448.53 674.63
494.17 675.11
541.60 675.11
587.22 675.22
632.29 674.89
677.57 675.03
722.73 674.73
768.51 674.67
814.07 674.66
859.44 675.24
174.53 719.96
221.59 719.66
268.65 719.50
313.93 719.84
359.04 719.86
403.95 719.95
448.89 720.28
495.08 721.18
540.88 721.25
586.92 720.92
631.80 720.67
677.20 720.38
722.18 720.15
768.06 719.67
814.05 719.52
860.52 720.60
221.23 765.69
268.74 765.57
313.97 765.22
359.04 764.93
404.23 765.06
449.25 765.40
495.49 765.53
540.56 766.06
586.54 766.13
631.66 765.65
676.53 765.22
722.19 765.33
767.59 765.64
814.34 765.80
267.73 811.64
313.22 810.52
358.65 810.31
404.18 810.55
449.31 810.24
495.26 810.29
541.00 810.42
586.20 811.00
631.36 810.74
676.51 810.37
722.54 811.10
768.37 811.92
358.24 857.01
403.58 856.71
449.23 856.57
495.03 856.13
541.05 856.49
586.16 856.62
631.23 856.74
676.41 857.05
495.09 903.49
540.85 902.97
