495.52 38.39
540.75 38.14
359.80 83.92
405.13 84.06
450.39 83.76
495.52 84.24
541.01 84.10
586.37 84.10
632.17 84.61
678.02 84.78
268.65 129.63
313.96 129.73
359.53 129.53
404.86 129.47
450.12 129.45
495.45 129.81
541.20 130.05
586.36 130.00
632.20 129.77
678.40 130.21
723.44 130.72
768.17 130.37
223.26 174.76
268.66 174.71
313.94 174.55
359.28 174.54
404.75 175.12
450.20 175.16
495.79 175.18
540.81 175.11
586.28 175.17
632.30 175.57
678.42 175.06
723.18 174.84
768.04 175.08
813.39 175.38
177.71 219.54
223.07 219.77
268.73 220.13
313.75 219.91
359.34 220.03
404.85 220.23
450.21 220.02
495.51 220.12
540.72 220.38
586.38 220.46
632.21 220.37
677.85 220.10
723.28 219.88
768.42 220.00
813.50 220.36
858.58 220.95
177.99 265.93
223.19 265.69
268.16 265.78
313.41 265.17
359.39 265.40
404.87 265.56
450.54 265.71
495.41 265.63
540.74 265.65
586.40 265.69
632.31 265.51
677.52 265.55
723.43 266.22
768.80 266.12
813.64 266.37
858.56 266.68
131.99 311.63
178.08 312.01
222.97 311.78
267.70 311.42
313.53 311.38
359.37 310.78
404.65 310.90
450.14 310.57
495.51 311.14
540.57 311.33
586.15 311.04
632.24 310.94
677.72 311.44
723.35 312.01
768.82 311.63
814.06 312.07
858.70 312.06
904.73 312.62
132.11 356.59
178.00 356.95
222.86 356.88
267.56 356.92
313.16 356.24
358.95 356.49
404.56 356.09
450.47 356.47
495.63 356.58
540.52 356.55
585.79 356.65
632.43 356.60
678.27 357.08
723.34 357.06
768.53 357.14
813.89 357.22
859.20 357.56
905.01 357.53
131.45 402.16
177.85 401.91
223.01 401.92
267.49 402.44
312.99 402.15
358.92 401.85
404.43 402.10
450.42 402.15
495.73 402.25
540.54 402.55
585.71 402.73
632.48 403.05
678.23 402.54
723.28 402.43
768.92 402.67
813.71 402.80
859.32 402.56
905.09 402.10
83.43 447.38
131.30 446.74
177.85 446.95
223.11 447.40
267.32 447.48
312.92 446.99
358.74 447.58
404.61 447.02
450.52 447.20
496.12 447.88
540.85 447.81
585.96 447.87
632.22 447.86
677.92 448.06
723.20 447.96
768.88 447.95
813.69 447.91
859.13 447.91
905.01 447.50
952.17 447.67
83.02 493.28
130.91 493.19
177.47 492.64
222.78 492.29
267.75 492.94
312.86 493.18
358.36 493.30
404.24 493.01
451.03 492.91
496.28 493.23
540.84 493.39
586.01 493.54
631.88 493.18
678.05 493.00
723.30 493.52
768.39 492.80
813.65 493.04
858.98 493.33
905.37 493.33
952.30 493.68
130.27 538.06
177.15 538.06
222.92 537.64
268.50 538.43
313.22 538.57
357.88 538.49
403.73 538.30
450.92 537.76
496.20 538.66
540.64 539.04
585.70 538.40
631.89 537.95
677.61 538.45
722.94 538.58
768.08 538.31
813.48 538.60
858.89 538.63
905.44 538.23
129.78 584.86
176.90 584.11
222.78 583.59
268.87 583.43
313.35 583.55
357.97 583.69
403.39 584.38
450.77 584.01
496.04 583.21
540.53 582.81
585.89 583.70
632.16 583.99
677.83 584.08
722.81 583.98
768.00 583.98
813.49 584.29
859.01 584.33
905.53 584.88
129.13 630.16
176.22 629.66
222.53 628.92
268.54 628.50
313.53 628.71
358.61 629.35
403.80 630.49
449.49 629.83
494.85 628.27
541.03 627.91
586.68 628.99
632.39 629.63
678.12 629.84
723.05 629.51
768.16 629.80
813.79 630.08
859.25 630.03
905.56 629.88
175.33 674.74
222.05 674.00
268.15 674.22
313.42 674.00
359.31 674.04
404.18 675.04
448.56 674.63
494.13 675.06
541.49 675.06
587.16 675.23
632.30 674.93
677.55 675.05
722.82 674.71
768.41 674.69
814.03 674.71
859.41 675.27
174.57 719.97
221.59 719.70
268.56 719.52
313.87 719.87
359.03 719.92
404.00 720.04
448.94 720.30
495.10 721.14
540.91 721.20
586.93 720.92
631.88 720.67
677.24 720.37
722.24 720.20
768.01 719.73
814.03 719.59
860.47 720.67
221.18 765.68
268.67 765.53
313.96 765.22
359.03 764.96
404.26 765.09
449.29 765.39
495.43 765.47
540.59 766.03
586.61 766.11
631.67 765.69
676.65 765.26
722.14 765.43
767.62 765.71
814.23 765.87
267.72 811.62
313.25 810.52
358.67 810.35
404.16 810.57
449.32 810.27
495.33 810.26
541.02 810.42
586.19 811.03
631.47 810.78
676.59 810.42
722.57 811.12
768.36 811.88
358.29 857.00
403.59 856.71
449.23 856.66
495.06 856.18
541.09 856.47
586.13 856.67
631.35 856.81
676.46 857.03
495.07 903.50
540.83 903.01
