495.55 38.38
540.71 38.11
359.83 83.97
405.16 84.06
450.44 83.69
495.53 84.19
540.95 84.04
586.31 84.04
632.12 84.58
677.94 84.83
268.61 129.68
313.96 129.79
359.53 129.56
404.86 129.49
450.13 129.42
495.44 129.77
541.18 129.98
586.36 129.99
632.19 129.79
678.37 130.26
723.37 130.74
768.09 130.46
223.24 174.73
268.62 174.70
313.93 174.58
359.23 174.56
404.72 175.14
450.16 175.17
495.82 175.18
540.86 175.05
586.24 175.16
632.36 175.65
678.39 175.08
723.14 174.84
767.96 175.08
813.33 175.36
177.69 219.51
223.07 219.71
268.72 220.15
313.74 219.92
359.28 220.07
404.87 220.27
450.18 220.03
495.50 220.14
540.74 220.37
586.38 220.48
632.21 220.41
677.84 220.13
723.25 219.92
768.36 220.00
813.44 220.36
858.53 220.99
177.96 265.91
223.21 265.68
268.17 265.75
313.46 265.18
359.33 265.40
404.88 265.56
450.52 265.74
495.43 265.64
540.78 265.67
586.39 265.69
632.33 265.49
677.56 265.56
723.34 266.21
768.73 266.14
813.56 266.35
858.51 266.70
131.98 311.68
178.08 312.05
222.98 311.83
267.72 311.44
313.53 311.34
359.31 310.72
404.62 310.90
450.11 310.53
495.53 311.17
540.58 311.32
586.17 311.02
632.24 310.90
677.74 311.41
723.31 311.96
768.78 311.62
813.97 312.05
858.69 312.10
904.67 312.72
132.10 356.60
177.99 356.96
222.88 356.86
267.53 356.89
313.14 356.21
358.95 356.47
404.51 356.09
450.47 356.51
495.63 356.62
540.47 356.54
585.74 356.68
632.43 356.61
678.26 357.06
723.33 357.09
768.48 357.15
813.83 357.23
859.24 357.58
905.01 357.55
131.40 402.11
177.84 401.88
222.98 401.89
267.46 402.46
313.00 402.15
358.94 401.85
404.44 402.10
450.44 402.19
495.75 402.29
540.50 402.63
585.63 402.78
632.48 403.09
678.19 402.60
723.29 402.48
768.89 402.72
813.64 402.85
859.33 402.55
905.10 402.05
83.41 447.39
131.30 446.75
177.84 446.94
223.11 447.42
267.29 447.49
312.90 447.02
358.73 447.60
404.63 447.05
450.61 447.25
496.17 447.93
540.82 447.86
585.90 447.90
632.21 447.89
677.95 448.11
723.19 448.05
768.81 447.97
813.62 447.93
859.07 447.91
904.96 447.46
952.14 447.66
83.04 493.26
130.91 493.20
177.49 492.56
222.79 492.28
267.76 492.92
312.86 493.22
358.34 493.29
404.22 493.00
451.12 492.91
496.35 493.23
540.80 493.41
585.98 493.56
631.88 493.22
678.04 493.01
723.28 493.51
768.31 492.79
813.61 493.01
858.88 493.29
905.32 493.31
952.23 493.67
130.22 538.03
177.18 538.03
222.97 537.63
268.53 538.44
313.21 538.60
357.80 538.50
403.68 538.28
451.03 537.71
496.30 538.61
540.65 539.04
585.65 538.41
631.89 537.95
677.62 538.44
722.92 538.60
768.00 538.28
813.38 538.58
858.86 538.58
905.42 538.21
129.69 584.87
176.91 584.09
222.79 583.55
268.93 583.41
313.34 583.49
357.86 583.68
403.37 584.39
450.84 583.99
496.06 583.17
540.52 582.76
585.87 583.70
632.15 583.97
677.83 584.12
722.78 583.94
767.91 583.95
813.43 584.30
859.03 584.38
905.53 584.96
129.08 630.20
176.22 629.67
222.58 628.85
268.60 628.45
313.55 628.68
358.56 629.36
403.75 630.52
449.49 629.82
494.86 628.21
541.09 627.90
586.70 628.93
632.36 629.59
678.14 629.80
723.01 629.50
768.09 629.76
813.76 630.09
859.25 630.07
905.58 629.94
175.25 674.74
222.05 674.02
268.20 674.24
313.45 674.02
359.31 674.05
404.17 675.07
448.47 674.64
494.10 675.08
541.58 675.09
587.25 675.24
632.31 674.93
677.56 675.05
722.79 674.72
768.39 674.68
814.02 674.70
859.43 675.26
174.54 719.99
221.61 719.72
268.61 719.56
313.90 719.88
359.05 719.89
403.95 720.03
448.87 720.33
495.10 721.21
540.95 721.29
586.96 720.97
631.83 720.69
677.20 720.36
722.20 720.14
768.03 719.69
814.05 719.56
860.51 720.64
221.20 765.72
268.73 765.57
313.96 765.25
359.00 764.96
404.21 765.08
449.25 765.40
495.46 765.48
540.61 766.05
586.63 766.10
631.65 765.69
676.54 765.24
722.15 765.36
767.59 765.66
814.29 765.84
267.71 811.66
313.22 810.53
358.61 810.32
404.15 810.53
449.31 810.24
495.30 810.20
541.04 810.37
586.23 810.96
631.43 810.78
676.50 810.41
722.54 811.12
768.35 811.89
358.21 857.00
403.55 856.70
449.23 856.60
495.06 856.13
541.11 856.44
586.19 856.64
631.27 856.79
676.36 857.07
495.08 903.49
540.85 903.03
