495.46 38.26
540.70 37.94
359.83 83.75
405.18 83.88
450.35 83.65
495.48 84.06
540.96 83.96
586.35 83.96
632.15 84.42
677.97 84.65
268.68 129.48
314.00 129.62
359.50 129.41
404.88 129.33
450.05 129.26
495.40 129.62
541.22 129.92
586.36 129.92
632.27 129.59
678.42 130.11
723.41 130.63
768.17 130.25
223.33 174.63
268.65 174.54
313.99 174.35
359.26 174.35
404.79 174.99
450.21 174.98
495.85 175.13
540.89 174.99
586.24 174.99
632.29 175.42
678.49 174.89
723.16 174.63
768.02 174.96
813.28 175.17
177.72 219.40
223.06 219.59
268.74 220.00
313.81 219.75
359.28 219.88
404.81 220.11
450.19 219.82
495.49 220.01
540.74 220.29
586.28 220.24
632.21 220.21
677.85 219.98
723.22 219.67
768.39 219.91
813.44 220.18
858.48 220.84
177.98 265.78
223.28 265.56
268.12 265.65
313.44 265.01
359.36 265.27
404.87 265.42
450.57 265.50
495.32 265.47
540.70 265.48
586.42 265.51
632.30 265.35
677.46 265.41
723.48 266.05
768.74 266.01
813.56 266.30
858.42 266.59
132.01 311.44
178.08 311.88
222.99 311.60
267.58 311.29
313.55 311.20
359.37 310.61
404.65 310.75
450.08 310.27
495.46 311.04
540.52 311.21
586.10 310.85
632.16 310.74
677.73 311.21
723.30 311.90
768.84 311.54
814.10 311.94
858.66 311.93
904.66 312.51
132.15 356.38
178.07 356.83
222.92 356.78
267.44 356.80
313.19 356.06
358.94 356.31
404.59 355.84
450.48 356.32
495.59 356.42
540.43 356.40
585.70 356.49
632.44 356.35
678.19 356.90
723.29 356.91
768.52 356.97
813.82 357.10
859.16 357.41
904.96 357.38
131.49 402.00
177.96 401.68
223.01 401.79
267.50 402.32
312.92 402.06
358.92 401.71
404.41 401.93
450.42 402.00
495.74 402.09
540.48 402.37
585.66 402.60
632.48 402.95
678.23 402.38
723.23 402.26
768.94 402.57
813.62 402.60
859.22 402.35
905.04 401.92
83.25 447.22
131.33 446.57
177.92 446.76
223.12 447.22
267.23 447.32
312.88 446.92
358.67 447.47
404.58 446.87
450.55 447.06
496.15 447.72
540.84 447.68
585.93 447.68
632.24 447.72
677.93 447.87
723.25 447.84
768.80 447.73
813.64 447.78
859.06 447.74
904.95 447.35
952.27 447.51
82.70 493.10
130.98 493.08
177.55 492.49
222.79 492.11
267.72 492.75
312.86 493.08
358.33 493.18
404.26 492.88
451.10 492.75
496.34 493.09
540.85 493.28
585.91 493.41
631.78 493.00
678.03 492.82
723.25 493.34
768.35 492.61
813.59 492.86
858.87 493.18
905.33 493.12
952.45 493.51
130.24 537.87
177.22 537.93
222.90 537.51
268.55 538.29
313.15 538.44
357.79 538.35
403.75 538.15
450.94 537.55
496.23 538.53
540.61 538.89
585.59 538.24
631.79 537.82
677.47 538.25
722.84 538.41
768.00 538.14
813.46 538.40
858.83 538.41
905.38 538.02
129.86 584.81
176.97 583.96
222.80 583.45
268.89 583.27
313.35 583.40
357.92 583.57
403.36 584.26
450.79 583.88
496.12 582.99
540.51 582.55
585.80 583.51
632.05 583.83
677.77 583.89
722.73 583.80
767.93 583.78
813.40 584.09
859.01 584.21
905.44 584.76
129.10 630.10
176.20 629.54
222.56 628.75
268.50 628.33
313.52 628.57
358.59 629.26
403.82 630.39
449.44 629.65
494.82 627.98
541.00 627.63
586.63 628.80
632.41 629.46
678.10 629.66
723.01 629.39
768.08 629.63
813.74 629.97
859.26 629.92
905.62 629.72
175.30 674.59
222.06 673.83
268.19 674.03
313.43 673.80
359.35 673.90
404.23 674.88
448.44 674.44
493.96 674.83
541.58 674.84
587.20 675.08
632.29 674.73
677.47 674.88
722.78 674.54
768.33 674.54
813.99 674.56
859.39 675.20
174.47 719.88
221.55 719.54
268.55 719.31
313.87 719.70
359.04 719.75
403.98 719.85
448.85 720.09
495.03 721.01
541.00 721.09
586.98 720.76
631.85 720.50
677.15 720.17
722.22 720.05
767.95 719.59
814.00 719.35
860.57 720.53
221.09 765.51
268.69 765.39
314.02 765.08
359.04 764.78
404.25 764.92
449.24 765.25
495.41 765.32
540.53 765.88
586.65 765.92
631.61 765.53
676.55 765.12
722.11 765.26
767.56 765.56
814.19 765.65
267.69 811.47
313.25 810.34
358.64 810.07
404.10 810.31
449.38 810.03
495.31 810.04
541.02 810.14
586.26 810.78
631.50 810.58
676.62 810.24
722.53 810.89
768.34 811.68
358.29 856.87
403.55 856.58
449.27 856.52
495.06 855.94
541.17 856.22
586.09 856.44
631.35 856.65
676.36 856.85
495.00 903.38
540.86 902.85
