4.688181818181818699e+02 -1.272727272727273373e+00
5.142727272727273657e+02 -1.272727272727273373e+00
3.324545454545454959e+02 4.418181818181818699e+01
3.779090909090909918e+02 4.418181818181818699e+01
4.233636363636364308e+02 4.418181818181818699e+01
4.688181818181818699e+02 4.418181818181818699e+01
5.142727272727273657e+02 4.418181818181818699e+01
5.597272727272727479e+02 4.418181818181818699e+01
6.051818181818182438e+02 4.418181818181818699e+01
6.506363636363637397e+02 4.418181818181818699e+01
2.415454545454545610e+02 8.963636363636365445e+01
2.870000000000000000e+02 8.963636363636365445e+01
3.324545454545454959e+02 8.963636363636365445e+01
3.779090909090909918e+02 8.963636363636365445e+01
4.233636363636364308e+02 8.963636363636365445e+01
4.688181818181818699e+02 8.963636363636365445e+01
5.142727272727273657e+02 8.963636363636365445e+01
5.597272727272727479e+02 8.963636363636365445e+01
6.051818181818182438e+02 8.963636363636365445e+01
6.506363636363637397e+02 8.963636363636365445e+01
6.960909090909092356e+02 8.963636363636365445e+01
7.415454545454546178e+02 8.963636363636365445e+01
1.960909090909090935e+02 1.350909090909090935e+02
2.415454545454545610e+02 1.350909090909090935e+02
2.870000000000000000e+02 1.350909090909090935e+02
3.324545454545454959e+02 1.350909090909090935e+02
3.779090909090909918e+02 1.350909090909090935e+02
4.233636363636364308e+02 1.350909090909090935e+02
4.688181818181818699e+02 1.350909090909090935e+02
5.142727272727273657e+02 1.350909090909090935e+02
5.597272727272727479e+02 1.350909090909090935e+02
6.051818181818182438e+02 1.350909090909090935e+02
6.506363636363637397e+02 1.350909090909090935e+02
6.960909090909092356e+02 1.350909090909090935e+02
7.415454545454546178e+02 1.350909090909090935e+02
7.870000000000001137e+02 1.350909090909090935e+02
1.506363636363636545e+02 1.805454545454545610e+02
1.960909090909090935e+02 1.805454545454545610e+02
2.415454545454545610e+02 1.805454545454545610e+02
2.870000000000000000e+02 1.805454545454545610e+02
3.324545454545454959e+02 1.805454545454545610e+02
3.779090909090909918e+02 1.805454545454545610e+02
4.233636363636364308e+02 1.805454545454545610e+02
4.688181818181818699e+02 1.805454545454545610e+02
5.142727272727273657e+02 1.805454545454545610e+02
5.597272727272727479e+02 1.805454545454545610e+02
6.051818181818182438e+02 1.805454545454545610e+02
6.506363636363637397e+02 1.805454545454545610e+02
6.960909090909092356e+02 1.805454545454545610e+02
7.415454545454546178e+02 1.805454545454545610e+02
7.870000000000001137e+02 1.805454545454545610e+02
8.324545454545456096e+02 1.805454545454545610e+02
1.506363636363636545e+02 2.260000000000000284e+02
1.960909090909090935e+02 2.260000000000000284e+02
2.415454545454545610e+02 2.260000000000000284e+02
2.870000000000000000e+02 2.260000000000000284e+02
3.324545454545454959e+02 2.260000000000000284e+02
3.779090909090909918e+02 2.260000000000000284e+02
4.233636363636364308e+02 2.260000000000000284e+02
4.688181818181818699e+02 2.260000000000000284e+02
5.142727272727273657e+02 2.260000000000000284e+02
5.597272727272727479e+02 2.260000000000000284e+02
6.051818181818182438e+02 2.260000000000000284e+02
6.506363636363637397e+02 2.260000000000000284e+02
6.960909090909092356e+02 2.260000000000000284e+02
7.415454545454546178e+02 2.260000000000000284e+02
7.870000000000001137e+02 2.260000000000000284e+02
8.324545454545456096e+02 2.260000000000000284e+02
1.051818181818181870e+02 2.714545454545454959e+02
1.506363636363636545e+02 2.714545454545454959e+02
1.960909090909090935e+02 2.714545454545454959e+02
2.415454545454545610e+02 2.714545454545454959e+02
2.870000000000000000e+02 2.714545454545454959e+02
3.324545454545454959e+02 2.714545454545454959e+02
3.779090909090909918e+02 2.714545454545454959e+02
4.233636363636364308e+02 2.714545454545454959e+02
4.688181818181818699e+02 2.714545454545454959e+02
5.142727272727273657e+02 2.714545454545454959e+02
5.597272727272727479e+02 2.714545454545454959e+02
6.051818181818182438e+02 2.714545454545454959e+02
6.506363636363637397e+02 2.714545454545454959e+02
6.960909090909092356e+02 2.714545454545454959e+02
7.415454545454546178e+02 2.714545454545454959e+02
7.870000000000001137e+02 2.714545454545454959e+02
8.324545454545456096e+02 2.714545454545454959e+02
8.779090909090909918e+02 2.714545454545454959e+02
1.051818181818181870e+02 3.169090909090909918e+02
1.506363636363636545e+02 3.169090909090909918e+02
1.960909090909090935e+02 3.169090909090909918e+02
2.415454545454545610e+02 3.169090909090909918e+02
2.870000000000000000e+02 3.169090909090909918e+02
3.324545454545454959e+02 3.169090909090909918e+02
3.779090909090909918e+02 3.169090909090909918e+02
4.233636363636364308e+02 3.169090909090909918e+02
4.688181818181818699e+02 3.169090909090909918e+02
5.142727272727273657e+02 3.169090909090909918e+02
5.597272727272727479e+02 3.169090909090909918e+02
6.051818181818182438e+02 3.169090909090909918e+02
6.506363636363637397e+02 3.169090909090909918e+02
6.960909090909092356e+02 3.169090909090909918e+02
7.415454545454546178e+02 3.169090909090909918e+02
7.870000000000001137e+02 3.169090909090909918e+02
8.324545454545456096e+02 3.169090909090909918e+02
8.779090909090909918e+02 3.169090909090909918e+02
1.051818181818181870e+02 3.623636363636364308e+02
1.506363636363636545e+02 3.623636363636364308e+02
1.960909090909090935e+02 3.623636363636364308e+02
2.415454545454545610e+02 3.623636363636364308e+02
2.870000000000000000e+02 3.623636363636364308e+02
3.324545454545454959e+02 3.623636363636364308e+02
3.779090909090909918e+02 3.623636363636364308e+02
4.233636363636364308e+02 3.623636363636364308e+02
4.688181818181818699e+02 3.623636363636364308e+02
5.142727272727273657e+02 3.623636363636364308e+02
5.597272727272727479e+02 3.623636363636364308e+02
6.051818181818182438e+02 3.623636363636364308e+02
6.506363636363637397e+02 3.623636363636364308e+02
6.960909090909092356e+02 3.623636363636364308e+02
7.415454545454546178e+02 3.623636363636364308e+02
7.870000000000001137e+02 3.623636363636364308e+02
8.324545454545456096e+02 3.623636363636364308e+02
8.779090909090909918e+02 3.623636363636364308e+02
5.972727272727272663e+01 4.078181818181818699e+02
1.051818181818181870e+02 4.078181818181818699e+02
1.506363636363636545e+02 4.078181818181818699e+02
1.960909090909090935e+02 4.078181818181818699e+02
2.415454545454545610e+02 4.078181818181818699e+02
2.870000000000000000e+02 4.078181818181818699e+02
3.324545454545454959e+02 4.078181818181818699e+02
3.779090909090909918e+02 4.078181818181818699e+02
4.233636363636364308e+02 4.078181818181818699e+02
4.688181818181818699e+02 4.078181818181818699e+02
5.142727272727273657e+02 4.078181818181818699e+02
5.597272727272727479e+02 4.078181818181818699e+02
6.051818181818182438e+02 4.078181818181818699e+02
6.506363636363637397e+02 4.078181818181818699e+02
6.960909090909092356e+02 4.078181818181818699e+02
7.415454545454546178e+02 4.078181818181818699e+02
7.870000000000001137e+02 4.078181818181818699e+02
8.324545454545456096e+02 4.078181818181818699e+02
8.779090909090909918e+02 4.078181818181818699e+02
9.233636363636364877e+02 4.078181818181818699e+02
5.972727272727272663e+01 4.532727272727273657e+02
1.051818181818181870e+02 4.532727272727273657e+02
1.506363636363636545e+02 4.532727272727273657e+02
1.960909090909090935e+02 4.532727272727273657e+02
2.415454545454545610e+02 4.532727272727273657e+02
2.870000000000000000e+02 4.532727272727273657e+02
3.324545454545454959e+02 4.532727272727273657e+02
3.779090909090909918e+02 4.532727272727273657e+02
4.233636363636364308e+02 4.532727272727273657e+02
4.688181818181818699e+02 4.532727272727273657e+02
5.142727272727273657e+02 4.532727272727273657e+02
5.597272727272727479e+02 4.532727272727273657e+02
6.051818181818182438e+02 4.532727272727273657e+02
6.506363636363637397e+02 4.532727272727273657e+02
6.960909090909092356e+02 4.532727272727273657e+02
7.415454545454546178e+02 4.532727272727273657e+02
7.870000000000001137e+02 4.532727272727273657e+02
8.324545454545456096e+02 4.532727272727273657e+02
8.779090909090909918e+02 4.532727272727273657e+02
9.233636363636364877e+02 4.532727272727273657e+02
1.051818181818181870e+02 4.987272727272727479e+02
1.506363636363636545e+02 4.987272727272727479e+02
1.960909090909090935e+02 4.987272727272727479e+02
2.415454545454545610e+02 4.987272727272727479e+02
2.870000000000000000e+02 4.987272727272727479e+02
3.324545454545454959e+02 4.987272727272727479e+02
3.779090909090909918e+02 4.987272727272727479e+02
4.233636363636364308e+02 4.987272727272727479e+02
4.688181818181818699e+02 4.987272727272727479e+02
5.142727272727273657e+02 4.987272727272727479e+02
5.597272727272727479e+02 4.987272727272727479e+02
6.051818181818182438e+02 4.987272727272727479e+02
6.506363636363637397e+02 4.987272727272727479e+02
6.960909090909092356e+02 4.987272727272727479e+02
7.415454545454546178e+02 4.987272727272727479e+02
7.870000000000001137e+02 4.987272727272727479e+02
8.324545454545456096e+02 4.987272727272727479e+02
8.779090909090909918e+02 4.987272727272727479e+02
1.051818181818181870e+02 5.441818181818182438e+02
1.506363636363636545e+02 5.441818181818182438e+02
1.960909090909090935e+02 5.441818181818182438e+02
2.415454545454545610e+02 5.441818181818182438e+02
2.870000000000000000e+02 5.441818181818182438e+02
3.324545454545454959e+02 5.441818181818182438e+02
3.779090909090909918e+02 5.441818181818182438e+02
4.233636363636364308e+02 5.441818181818182438e+02
4.688181818181818699e+02 5.441818181818182438e+02
5.142727272727273657e+02 5.441818181818182438e+02
5.597272727272727479e+02 5.441818181818182438e+02
6.051818181818182438e+02 5.441818181818182438e+02
6.506363636363637397e+02 5.441818181818182438e+02
6.960909090909092356e+02 5.441818181818182438e+02
7.415454545454546178e+02 5.441818181818182438e+02
7.870000000000001137e+02 5.441818181818182438e+02
8.324545454545456096e+02 5.441818181818182438e+02
8.779090909090909918e+02 5.441818181818182438e+02
1.051818181818181870e+02 5.896363636363637397e+02
1.506363636363636545e+02 5.896363636363637397e+02
1.960909090909090935e+02 5.896363636363637397e+02
2.415454545454545610e+02 5.896363636363637397e+02
2.870000000000000000e+02 5.896363636363637397e+02
3.324545454545454959e+02 5.896363636363637397e+02
3.779090909090909918e+02 5.896363636363637397e+02
4.233636363636364308e+02 5.896363636363637397e+02
4.688181818181818699e+02 5.896363636363637397e+02
5.142727272727273657e+02 5.896363636363637397e+02
5.597272727272727479e+02 5.896363636363637397e+02
6.051818181818182438e+02 5.896363636363637397e+02
6.506363636363637397e+02 5.896363636363637397e+02
6.960909090909092356e+02 5.896363636363637397e+02
7.415454545454546178e+02 5.896363636363637397e+02
7.870000000000001137e+02 5.896363636363637397e+02
8.324545454545456096e+02 5.896363636363637397e+02
8.779090909090909918e+02 5.896363636363637397e+02
1.506363636363636545e+02 6.350909090909092356e+02
1.960909090909090935e+02 6.350909090909092356e+02
2.415454545454545610e+02 6.350909090909092356e+02
2.870000000000000000e+02 6.350909090909092356e+02
3.324545454545454959e+02 6.350909090909092356e+02
3.779090909090909918e+02 6.350909090909092356e+02
4.233636363636364308e+02 6.350909090909092356e+02
4.688181818181818699e+02 6.350909090909092356e+02
5.142727272727273657e+02 6.350909090909092356e+02
5.597272727272727479e+02 6.350909090909092356e+02
6.051818181818182438e+02 6.350909090909092356e+02
6.506363636363637397e+02 6.350909090909092356e+02
6.960909090909092356e+02 6.350909090909092356e+02
7.415454545454546178e+02 6.350909090909092356e+02
7.870000000000001137e+02 6.350909090909092356e+02
8.324545454545456096e+02 6.350909090909092356e+02
1.506363636363636545e+02 6.805454545454546178e+02
1.960909090909090935e+02 6.805454545454546178e+02
2.415454545454545610e+02 6.805454545454546178e+02
2.870000000000000000e+02 6.805454545454546178e+02
3.324545454545454959e+02 6.805454545454546178e+02
3.779090909090909918e+02 6.805454545454546178e+02
4.233636363636364308e+02 6.805454545454546178e+02
4.688181818181818699e+02 6.805454545454546178e+02
5.142727272727273657e+02 6.805454545454546178e+02
5.597272727272727479e+02 6.805454545454546178e+02
6.051818181818182438e+02 6.805454545454546178e+02
6.506363636363637397e+02 6.805454545454546178e+02
6.960909090909092356e+02 6.805454545454546178e+02
7.415454545454546178e+02 6.805454545454546178e+02
7.870000000000001137e+02 6.805454545454546178e+02
8.324545454545456096e+02 6.805454545454546178e+02
1.960909090909090935e+02 7.260000000000001137e+02
2.415454545454545610e+02 7.260000000000001137e+02
2.870000000000000000e+02 7.260000000000001137e+02
3.324545454545454959e+02 7.260000000000001137e+02
3.779090909090909918e+02 7.260000000000001137e+02
4.233636363636364308e+02 7.260000000000001137e+02
4.688181818181818699e+02 7.260000000000001137e+02
5.142727272727273657e+02 7.260000000000001137e+02
5.597272727272727479e+02 7.260000000000001137e+02
6.051818181818182438e+02 7.260000000000001137e+02
6.506363636363637397e+02 7.260000000000001137e+02
6.960909090909092356e+02 7.260000000000001137e+02
7.415454545454546178e+02 7.260000000000001137e+02
7.870000000000001137e+02 7.260000000000001137e+02
2.415454545454545610e+02 7.714545454545456096e+02
2.870000000000000000e+02 7.714545454545456096e+02
3.324545454545454959e+02 7.714545454545456096e+02
3.779090909090909918e+02 7.714545454545456096e+02
4.233636363636364308e+02 7.714545454545456096e+02
4.688181818181818699e+02 7.714545454545456096e+02
5.142727272727273657e+02 7.714545454545456096e+02
5.597272727272727479e+02 7.714545454545456096e+02
6.051818181818182438e+02 7.714545454545456096e+02
6.506363636363637397e+02 7.714545454545456096e+02
6.960909090909092356e+02 7.714545454545456096e+02
7.415454545454546178e+02 7.714545454545456096e+02
3.324545454545454959e+02 8.169090909090909918e+02
3.779090909090909918e+02 8.169090909090909918e+02
4.233636363636364308e+02 8.169090909090909918e+02
4.688181818181818699e+02 8.169090909090909918e+02
5.142727272727273657e+02 8.169090909090909918e+02
5.597272727272727479e+02 8.169090909090909918e+02
6.051818181818182438e+02 8.169090909090909918e+02
6.506363636363637397e+02 8.169090909090909918e+02
4.688181818181818699e+02 8.623636363636364877e+02
5.142727272727273657e+02 8.623636363636364877e+02
