495.54 38.37
540.75 38.12
359.85 83.94
405.18 84.08
450.39 83.73
495.50 84.24
540.96 84.06
586.37 84.11
632.18 84.60
678.01 84.78
268.66 129.64
313.99 129.77
359.60 129.54
404.89 129.47
450.13 129.45
495.46 129.83
541.21 130.05
586.37 130.05
632.21 129.78
678.38 130.22
723.46 130.71
768.15 130.42
223.26 174.76
268.66 174.69
313.95 174.56
359.32 174.56
404.79 175.14
450.18 175.15
495.81 175.21
540.85 175.10
586.27 175.19
632.35 175.62
678.40 175.07
723.16 174.85
768.05 175.09
813.41 175.34
177.71 219.56
223.07 219.75
268.76 220.14
313.77 219.93
359.36 220.04
404.92 220.24
450.19 220.03
495.49 220.15
540.72 220.39
586.37 220.49
632.24 220.38
677.86 220.13
723.29 219.91
768.46 220.00
813.51 220.35
858.60 220.97
177.99 265.91
223.21 265.68
268.19 265.73
313.45 265.18
359.39 265.37
404.92 265.54
450.57 265.72
495.41 265.66
540.76 265.71
586.37 265.69
632.30 265.49
677.54 265.57
723.39 266.27
768.77 266.13
813.62 266.36
858.56 266.69
131.97 311.66
178.10 312.01
222.96 311.80
267.71 311.46
313.57 311.38
359.38 310.79
404.66 310.93
450.13 310.57
495.53 311.19
540.56 311.35
586.14 311.03
632.25 310.95
677.75 311.47
723.33 312.05
768.80 311.67
814.04 312.07
858.73 312.13
904.73 312.66
132.16 356.61
178.04 356.96
222.89 356.90
267.57 356.91
313.19 356.26
358.94 356.50
404.56 356.11
450.45 356.51
495.65 356.61
540.55 356.56
585.76 356.68
632.40 356.61
678.26 357.07
723.33 357.10
768.48 357.18
813.86 357.24
859.23 357.57
905.00 357.53
131.46 402.13
177.87 401.89
223.03 401.91
267.50 402.45
313.01 402.15
358.94 401.84
404.47 402.08
450.40 402.16
495.76 402.28
540.58 402.59
585.66 402.75
632.48 403.10
678.24 402.55
723.31 402.44
768.89 402.71
813.68 402.85
859.34 402.56
905.07 402.05
83.44 447.40
131.32 446.75
177.87 446.97
223.14 447.42
267.29 447.48
312.92 447.01
358.77 447.59
404.63 447.04
450.54 447.22
496.16 447.92
540.86 447.82
585.92 447.86
632.19 447.89
677.96 448.08
723.24 447.99
768.87 447.94
813.67 447.95
859.11 447.94
905.01 447.49
952.16 447.71
83.00 493.27
130.94 493.20
177.48 492.61
222.81 492.31
267.78 492.91
312.89 493.18
358.40 493.29
404.26 493.00
451.07 492.90
496.29 493.24
540.87 493.40
586.00 493.54
631.90 493.21
678.02 492.99
723.30 493.46
768.39 492.77
813.66 493.01
858.94 493.31
905.33 493.35
952.26 493.67
130.24 538.04
177.17 538.05
222.95 537.67
268.52 538.47
313.23 538.59
357.88 538.47
403.75 538.29
450.96 537.78
496.21 538.69
540.65 539.05
585.71 538.41
631.89 537.96
677.62 538.43
723.00 538.58
768.12 538.31
813.48 538.58
858.89 538.62
905.44 538.23
129.75 584.85
176.90 584.06
222.78 583.57
268.88 583.45
313.33 583.52
357.96 583.67
403.38 584.34
450.80 584.02
496.05 583.23
540.51 582.77
585.88 583.71
632.16 583.96
677.81 584.10
722.82 583.96
768.00 583.97
813.49 584.28
859.02 584.35
905.52 584.90
129.14 630.17
176.23 629.62
222.59 628.87
268.54 628.45
313.56 628.68
358.62 629.32
403.80 630.48
449.51 629.81
494.86 628.22
541.05 627.89
586.66 628.97
632.39 629.62
678.12 629.80
723.06 629.48
768.15 629.78
813.79 630.05
859.25 630.03
905.53 629.89
175.31 674.71
222.04 673.99
268.17 674.21
313.44 674.01
359.33 674.06
404.23 675.08
448.55 674.61
494.13 675.04
541.55 675.05
587.19 675.21
632.33 674.92
677.58 675.06
722.83 674.71
768.45 674.71
814.03 674.71
859.43 675.27
174.56 719.96
221.60 719.66
268.58 719.52
313.89 719.86
359.06 719.88
404.00 720.04
448.91 720.29
495.12 721.13
540.96 721.22
586.92 720.94
631.87 720.67
677.22 720.36
722.28 720.14
768.07 719.70
814.06 719.55
860.48 720.68
221.24 765.68
268.71 765.54
314.00 765.22
359.05 764.96
404.26 765.10
449.31 765.40
495.48 765.50
540.59 766.03
586.61 766.10
631.66 765.68
676.64 765.27
722.18 765.39
767.63 765.70
814.27 765.84
267.75 811.61
313.26 810.52
358.66 810.34
404.18 810.59
449.35 810.30
495.29 810.27
540.98 810.39
586.20 811.01
631.51 810.80
676.57 810.41
722.59 811.09
768.41 811.91
358.29 857.05
403.57 856.76
449.25 856.64
495.03 856.15
541.08 856.46
586.14 856.64
631.33 856.80
676.43 857.07
495.05 903.52
540.84 903.02
