495.55 38.38
540.75 38.11
359.86 83.99
405.20 84.09
450.47 83.71
495.58 84.20
540.95 84.01
586.30 84.06
632.12 84.62
677.98 84.86
268.62 129.73
313.94 129.79
359.59 129.64
404.88 129.54
450.17 129.45
495.45 129.79
541.19 130.03
586.35 130.03
632.17 129.84
678.36 130.29
723.43 130.79
768.19 130.49
223.25 174.77
268.64 174.77
313.92 174.63
359.27 174.62
404.72 175.17
450.19 175.23
495.84 175.18
540.85 175.09
586.26 175.20
632.33 175.67
678.42 175.11
723.15 174.85
768.04 175.12
813.35 175.39
177.69 219.54
223.09 219.77
268.73 220.19
313.78 219.98
359.29 220.10
404.88 220.32
450.17 220.03
495.51 220.15
540.77 220.34
586.39 220.44
632.22 220.41
677.89 220.17
723.29 219.93
768.40 219.97
813.49 220.36
858.57 221.00
177.97 265.96
223.21 265.73
268.16 265.76
313.47 265.18
359.32 265.43
404.87 265.58
450.55 265.74
495.42 265.65
540.80 265.68
586.40 265.68
632.33 265.53
677.56 265.59
723.42 266.27
768.83 266.14
813.61 266.36
858.57 266.71
131.98 311.71
178.06 312.06
222.95 311.77
267.74 311.45
313.55 311.31
359.29 310.73
404.64 310.86
450.12 310.49
495.51 311.21
540.59 311.34
586.19 311.03
632.25 310.94
677.76 311.40
723.33 311.99
768.83 311.62
814.01 312.03
858.74 312.07
904.72 312.71
132.07 356.62
177.97 356.99
222.87 356.87
267.56 356.91
313.14 356.23
358.93 356.52
404.50 356.07
450.48 356.50
495.66 356.60
540.52 356.51
585.76 356.73
632.43 356.62
678.24 357.09
723.35 357.10
768.52 357.14
813.90 357.21
859.28 357.57
905.05 357.54
131.40 402.16
177.84 401.94
222.98 401.91
267.49 402.48
313.03 402.19
358.94 401.89
404.42 402.12
450.41 402.23
495.82 402.30
540.50 402.63
585.70 402.80
632.53 403.08
678.20 402.62
723.32 402.47
768.92 402.74
813.69 402.89
859.33 402.57
905.09 402.08
83.41 447.40
131.31 446.76
177.85 446.95
223.15 447.41
267.32 447.52
312.93 447.06
358.67 447.64
404.62 447.06
450.57 447.27
496.17 447.92
540.87 447.87
585.96 447.90
632.23 447.89
678.01 448.09
723.20 448.00
768.85 447.96
813.66 447.90
859.09 447.90
904.97 447.44
952.18 447.62
83.05 493.29
130.91 493.20
177.49 492.62
222.81 492.26
267.84 492.93
312.90 493.22
358.31 493.27
404.21 493.02
451.09 492.95
496.31 493.28
540.80 493.41
585.98 493.52
631.87 493.19
678.07 493.00
723.28 493.45
768.31 492.74
813.63 492.97
858.91 493.28
905.33 493.29
952.26 493.63
130.21 538.05
177.20 538.04
223.00 537.61
268.57 538.43
313.24 538.60
357.80 538.50
403.65 538.29
451.01 537.71
496.27 538.60
540.63 539.03
585.63 538.39
631.86 537.94
677.58 538.46
722.89 538.56
768.03 538.26
813.43 538.55
858.85 538.58
905.42 538.15
129.75 584.87
176.91 584.08
222.85 583.55
268.90 583.38
313.30 583.49
357.87 583.64
403.34 584.35
450.83 583.97
496.07 583.21
540.56 582.76
585.88 583.72
632.12 584.02
677.80 584.14
722.76 583.94
767.91 583.94
813.46 584.28
859.07 584.35
905.54 584.88
129.07 630.19
176.23 629.70
222.58 628.91
268.58 628.47
313.56 628.67
358.54 629.32
403.75 630.48
449.50 629.84
494.88 628.26
541.08 627.94
586.69 629.00
632.36 629.67
678.10 629.87
723.00 629.53
768.08 629.76
813.75 630.07
859.25 630.04
905.58 629.89
175.28 674.74
222.07 674.04
268.17 674.20
313.45 674.00
359.27 674.00
404.20 675.02
448.51 674.57
494.13 675.03
541.57 675.07
587.28 675.26
632.27 674.97
677.50 675.09
722.76 674.73
768.34 674.68
813.99 674.69
859.41 675.25
174.54 719.98
221.58 719.67
268.63 719.53
313.88 719.78
359.03 719.82
403.97 719.99
448.91 720.21
495.14 721.16
541.01 721.20
587.00 720.94
631.85 720.69
677.19 720.35
722.15 720.15
767.98 719.68
813.99 719.60
860.45 720.61
221.14 765.67
268.69 765.50
313.91 765.21
359.00 764.93
404.24 765.07
449.33 765.36
495.52 765.50
540.69 766.00
586.66 766.04
631.68 765.71
676.54 765.24
722.08 765.38
767.58 765.66
814.22 765.84
267.67 811.65
313.19 810.51
358.60 810.29
404.15 810.52
449.38 810.24
495.34 810.17
541.12 810.32
586.25 810.86
631.43 810.67
676.46 810.35
722.50 811.08
768.35 811.89
358.19 856.95
403.58 856.67
449.19 856.61
495.11 856.10
541.20 856.42
586.20 856.62
631.32 856.77
676.36 856.98
495.10 903.48
540.89 902.98
