495.26 39.74
541.01 39.69
359.66 86.15
404.92 86.44
450.46 86.29
495.43 86.75
540.85 86.74
586.19 86.41
632.13 87.07
677.46 87.06
268.63 131.57
313.72 131.76
359.42 131.98
405.10 132.31
450.29 132.35
495.60 132.47
541.06 132.86
586.33 132.41
631.91 132.59
677.71 133.02
723.15 133.05
768.30 132.65
223.36 176.97
268.79 176.95
314.09 176.77
359.25 177.05
404.71 177.32
450.22 177.42
496.02 177.19
540.68 176.97
586.24 177.16
632.15 177.67
677.73 177.88
722.92 177.61
768.19 177.72
813.47 177.57
177.79 221.98
223.19 222.44
268.82 222.60
313.72 222.11
359.38 222.26
404.51 222.20
450.05 221.78
495.59 221.68
540.76 221.87
586.65 222.08
632.42 222.53
677.28 222.36
723.15 222.21
768.50 222.65
813.79 222.93
859.15 223.19
178.06 267.99
223.11 267.46
268.28 267.59
313.53 266.84
359.23 266.88
404.45 266.93
450.00 267.03
495.17 266.67
541.15 266.74
586.71 266.86
632.25 266.76
677.20 267.34
723.22 267.90
768.75 267.91
813.90 268.26
859.08 268.44
131.78 313.25
177.80 313.29
222.75 312.66
268.08 312.35
313.29 312.39
359.18 311.87
404.43 312.02
449.81 311.68
495.28 312.14
540.93 312.12
586.68 312.03
632.37 311.89
677.67 312.43
723.23 313.12
768.71 312.97
814.10 313.23
859.00 313.42
904.94 313.78
131.70 357.79
177.10 358.01
222.43 357.55
267.91 357.59
313.10 356.98
358.61 357.17
404.21 357.14
449.82 356.93
495.31 357.26
540.88 357.00
586.26 357.18
632.50 357.17
678.40 357.59
723.51 357.81
768.51 357.77
814.46 357.99
859.50 358.50
905.33 358.92
131.10 403.07
176.87 402.77
222.22 402.78
267.55 402.73
312.93 402.40
358.62 402.27
404.16 402.57
449.62 402.47
495.26 402.32
540.71 402.55
586.31 402.73
632.21 402.98
678.23 402.77
723.50 402.45
769.01 402.67
814.39 403.44
859.78 403.45
905.54 403.51
83.72 448.41
130.75 447.77
176.66 447.89
222.20 447.89
267.02 447.51
312.74 447.05
358.59 447.59
404.23 447.31
449.99 447.49
495.49 447.51
540.83 447.41
586.42 447.68
632.25 447.68
678.02 447.92
723.34 448.00
769.21 447.99
814.52 448.41
859.80 448.48
905.62 448.50
951.97 448.66
83.12 493.48
130.20 493.61
176.38 493.11
221.93 492.69
266.86 492.82
312.47 492.96
358.07 492.84
403.67 492.39
450.08 492.35
495.51 492.69
540.86 492.79
586.67 493.01
632.20 493.03
677.87 492.83
723.69 493.33
769.25 493.09
814.71 493.44
860.00 493.78
905.85 493.92
952.14 494.26
129.71 538.40
175.96 538.37
221.60 537.93
267.16 538.21
312.63 537.88
357.69 538.03
403.45 537.74
450.08 537.29
495.36 538.10
540.97 538.21
586.30 537.99
632.44 537.62
678.16 538.02
723.68 538.49
769.17 538.35
814.57 538.75
860.12 539.12
906.03 538.92
129.17 584.46
175.64 584.16
221.45 583.49
267.19 583.36
312.53 583.27
357.65 583.47
403.29 583.45
449.78 583.23
495.45 583.24
540.78 583.13
586.38 583.55
632.41 583.63
678.31 583.63
723.72 583.97
769.30 583.88
814.77 584.13
860.16 584.37
906.40 584.57
128.92 629.34
175.32 629.32
221.18 628.94
266.80 628.47
312.41 628.26
357.95 628.67
403.30 629.37
449.01 629.13
494.92 628.48
541.08 628.25
586.69 629.00
632.44 629.35
678.30 629.35
723.70 629.12
769.36 629.90
814.87 630.00
860.33 630.13
906.18 629.82
174.70 674.42
220.63 673.88
266.33 674.11
311.85 674.01
358.53 673.50
403.47 674.44
448.67 674.06
494.78 674.60
541.30 674.56
587.05 674.80
632.59 674.60
677.93 674.88
723.59 674.88
769.73 674.91
815.23 675.01
860.61 675.33
174.31 720.04
220.47 719.80
266.61 719.87
312.43 719.90
357.91 719.73
403.28 719.60
448.97 719.78
494.98 720.36
540.93 719.93
586.89 720.12
632.33 720.00
677.95 720.13
723.75 720.46
769.50 720.35
815.32 720.26
861.16 721.15
220.11 765.87
266.87 765.93
312.38 765.45
357.82 765.25
403.48 765.37
449.29 765.20
495.14 765.14
540.52 765.45
586.48 765.78
632.30 765.83
677.87 765.70
723.89 766.01
769.44 766.19
815.56 766.52
265.91 812.13
311.78 811.32
357.46 811.09
403.38 810.98
449.02 810.41
494.91 810.52
540.70 810.61
586.46 811.12
632.44 811.39
678.31 811.25
724.12 812.13
770.24 812.61
356.86 858.11
402.39 857.73
448.91 857.37
494.46 857.33
540.96 857.27
586.27 857.69
632.50 858.05
678.39 858.31
494.76 905.54
540.96 904.70
