495.55 38.42
540.78 38.14
359.80 83.99
405.17 84.11
450.42 83.83
495.55 84.28
541.01 84.15
586.41 84.16
632.16 84.65
677.99 84.83
268.68 129.66
313.96 129.79
359.55 129.62
404.90 129.55
450.10 129.51
495.45 129.86
541.21 130.10
586.38 130.04
632.18 129.79
678.37 130.24
723.45 130.76
768.17 130.44
223.26 174.79
268.70 174.71
313.98 174.59
359.30 174.58
404.75 175.18
450.20 175.18
495.82 175.20
540.84 175.15
586.29 175.19
632.29 175.59
678.39 175.04
723.16 174.85
768.03 175.11
813.38 175.41
177.71 219.59
223.09 219.79
268.78 220.14
313.78 219.93
359.35 220.05
404.87 220.26
450.20 220.04
495.44 220.12
540.75 220.39
586.43 220.47
632.25 220.41
677.90 220.14
723.27 219.90
768.39 220.05
813.50 220.40
858.57 221.02
177.99 265.96
223.18 265.72
268.21 265.77
313.43 265.21
359.43 265.43
404.89 265.60
450.54 265.72
495.37 265.60
540.76 265.66
586.41 265.69
632.33 265.57
677.53 265.56
723.45 266.21
768.84 266.11
813.63 266.38
858.55 266.72
131.93 311.67
178.06 312.03
222.96 311.82
267.71 311.46
313.55 311.39
359.40 310.80
404.68 310.89
450.17 310.59
495.53 311.18
540.57 311.37
586.15 311.08
632.25 310.99
677.72 311.44
723.38 311.99
768.83 311.63
814.08 312.08
858.73 312.07
904.80 312.64
132.10 356.60
178.05 356.95
222.88 356.89
267.58 356.94
313.16 356.23
358.92 356.46
404.57 356.08
450.47 356.45
495.62 356.60
540.54 356.56
585.78 356.69
632.43 356.57
678.27 357.10
723.35 357.04
768.56 357.15
813.94 357.19
859.21 357.56
905.02 357.54
131.42 402.18
177.86 401.95
223.04 401.93
267.49 402.45
313.01 402.18
358.90 401.84
404.44 402.07
450.43 402.15
495.78 402.23
540.59 402.51
585.70 402.73
632.49 403.02
678.23 402.52
723.27 402.46
768.93 402.68
813.77 402.79
859.35 402.55
905.06 402.11
83.41 447.39
131.28 446.77
177.87 446.97
223.14 447.39
267.33 447.50
312.96 447.01
358.74 447.59
404.60 447.01
450.50 447.18
496.15 447.87
540.87 447.81
585.98 447.91
632.22 447.90
677.96 448.06
723.20 447.95
768.91 447.94
813.72 447.92
859.13 447.93
905.02 447.51
952.16 447.67
82.99 493.26
130.88 493.16
177.48 492.63
222.79 492.27
267.79 492.93
312.88 493.17
358.37 493.31
404.23 493.04
451.02 492.89
496.26 493.25
540.85 493.38
586.01 493.53
631.91 493.18
678.01 493.00
723.25 493.51
768.38 492.77
813.66 493.01
859.01 493.34
905.37 493.35
952.31 493.65
130.24 538.06
177.14 538.08
222.96 537.65
268.51 538.44
313.22 538.55
357.86 538.45
403.72 538.31
450.92 537.77
496.20 538.65
540.66 539.05
585.73 538.41
631.89 537.94
677.59 538.47
722.92 538.57
768.11 538.30
813.51 538.58
858.85 538.64
905.48 538.27
129.78 584.87
176.91 584.14
222.81 583.60
268.89 583.43
313.38 583.54
357.97 583.66
403.35 584.37
450.74 584.04
496.08 583.25
540.56 582.81
585.92 583.71
632.15 584.00
677.84 584.12
722.80 583.97
768.01 583.97
813.51 584.25
859.02 584.31
905.55 584.87
129.14 630.20
176.22 629.71
222.55 628.95
268.53 628.50
313.53 628.70
358.61 629.34
403.78 630.49
449.48 629.82
494.89 628.27
541.04 627.86
586.68 629.02
632.41 629.66
678.11 629.84
723.05 629.52
768.12 629.75
813.79 630.05
859.24 630.01
905.57 629.87
175.35 674.74
222.03 673.99
268.17 674.22
313.41 673.99
359.30 674.03
404.19 675.04
448.57 674.62
494.13 675.07
541.49 675.04
587.15 675.24
632.30 674.92
677.50 675.02
722.80 674.72
768.37 674.71
814.03 674.71
859.43 675.27
174.56 719.99
221.58 719.68
268.58 719.53
313.83 719.86
359.03 719.91
404.01 720.06
448.99 720.27
495.11 721.14
540.97 721.21
586.91 720.93
631.90 720.71
677.25 720.37
722.25 720.23
767.99 719.76
814.01 719.64
860.49 720.71
221.15 765.67
268.66 765.49
313.94 765.18
359.00 764.91
404.30 765.05
449.36 765.34
495.49 765.43
540.60 766.00
586.61 766.07
631.68 765.66
676.66 765.26
722.11 765.42
767.60 765.71
814.19 765.85
267.69 811.57
313.25 810.46
358.71 810.33
404.18 810.51
449.37 810.22
495.40 810.21
541.07 810.34
586.19 810.97
631.48 810.77
676.59 810.41
722.54 811.11
768.34 811.88
358.27 856.92
403.55 856.66
449.25 856.59
495.12 856.06
541.12 856.43
586.13 856.63
631.40 856.81
676.43 856.97
495.08 903.48
540.88 903.00
