5.690909090909091219e+02 1.336363636363636260e+02
5.963636363636363740e+02 1.336363636363636260e+02
4.872727272727272521e+02 1.609090909090909065e+02
5.145454545454545041e+02 1.609090909090909065e+02
5.418181818181817562e+02 1.609090909090909065e+02
5.690909090909091219e+02 1.609090909090909065e+02
5.963636363636363740e+02 1.609090909090909065e+02
6.236363636363636260e+02 1.609090909090909065e+02
6.509090909090908781e+02 1.609090909090909065e+02
6.781818181818182438e+02 1.609090909090909065e+02
4.327272727272727479e+02 1.881818181818181870e+02
4.600000000000000000e+02 1.881818181818181870e+02
4.872727272727272521e+02 1.881818181818181870e+02
5.145454545454545041e+02 1.881818181818181870e+02
5.418181818181817562e+02 1.881818181818181870e+02
5.690909090909091219e+02 1.881818181818181870e+02
5.963636363636363740e+02 1.881818181818181870e+02
6.236363636363636260e+02 1.881818181818181870e+02
6.509090909090908781e+02 1.881818181818181870e+02
6.781818181818182438e+02 1.881818181818181870e+02
7.054545454545454959e+02 1.881818181818181870e+02
7.327272727272727479e+02 1.881818181818181870e+02
4.054545454545454390e+02 2.154545454545454390e+02
4.327272727272727479e+02 2.154545454545454390e+02
4.600000000000000000e+02 2.154545454545454390e+02
4.872727272727272521e+02 2.154545454545454390e+02
5.145454545454545041e+02 2.154545454545454390e+02
5.418181818181817562e+02 2.154545454545454390e+02
5.690909090909091219e+02 2.154545454545454390e+02
5.963636363636363740e+02 2.154545454545454390e+02
6.236363636363636260e+02 2.154545454545454390e+02
6.509090909090908781e+02 2.154545454545454390e+02
6.781818181818182438e+02 2.154545454545454390e+02
7.054545454545454959e+02 2.154545454545454390e+02
7.327272727272727479e+02 2.154545454545454390e+02
7.600000000000000000e+02 2.154545454545454390e+02
3.781818181818181870e+02 2.427272727272727479e+02
4.054545454545454390e+02 2.427272727272727479e+02
4.327272727272727479e+02 2.427272727272727479e+02
4.600000000000000000e+02 2.427272727272727479e+02
4.872727272727272521e+02 2.427272727272727479e+02
5.145454545454545041e+02 2.427272727272727479e+02
5.418181818181817562e+02 2.427272727272727479e+02
5.690909090909091219e+02 2.427272727272727479e+02
5.963636363636363740e+02 2.427272727272727479e+02
6.236363636363636260e+02 2.427272727272727479e+02
6.509090909090908781e+02 2.427272727272727479e+02
6.781818181818182438e+02 2.427272727272727479e+02
7.054545454545454959e+02 2.427272727272727479e+02
7.327272727272727479e+02 2.427272727272727479e+02
7.600000000000000000e+02 2.427272727272727479e+02
7.872727272727272521e+02 2.427272727272727479e+02
3.781818181818181870e+02 2.700000000000000000e+02
4.054545454545454390e+02 2.700000000000000000e+02
4.327272727272727479e+02 2.700000000000000000e+02
4.600000000000000000e+02 2.700000000000000000e+02
4.872727272727272521e+02 2.700000000000000000e+02
5.145454545454545041e+02 2.700000000000000000e+02
5.418181818181817562e+02 2.700000000000000000e+02
5.690909090909091219e+02 2.700000000000000000e+02
5.963636363636363740e+02 2.700000000000000000e+02
6.236363636363636260e+02 2.700000000000000000e+02
6.509090909090908781e+02 2.700000000000000000e+02
6.781818181818182438e+02 2.700000000000000000e+02
7.054545454545454959e+02 2.700000000000000000e+02
7.327272727272727479e+02 2.700000000000000000e+02
7.600000000000000000e+02 2.700000000000000000e+02
7.872727272727272521e+02 2.700000000000000000e+02
3.509090909090908781e+02 2.972727272727272521e+02
3.781818181818181870e+02 2.972727272727272521e+02
4.054545454545454390e+02 2.972727272727272521e+02
4.327272727272727479e+02 2.972727272727272521e+02
4.600000000000000000e+02 2.972727272727272521e+02
4.872727272727272521e+02 2.972727272727272521e+02
5.145454545454545041e+02 2.972727272727272521e+02
5.418181818181817562e+02 2.972727272727272521e+02
5.690909090909091219e+02 2.972727272727272521e+02
5.963636363636363740e+02 2.972727272727272521e+02
6.236363636363636260e+02 2.972727272727272521e+02
6.509090909090908781e+02 2.972727272727272521e+02
6.781818181818182438e+02 2.972727272727272521e+02
7.054545454545454959e+02 2.972727272727272521e+02
7.327272727272727479e+02 2.972727272727272521e+02
7.600000000000000000e+02 2.972727272727272521e+02
7.872727272727272521e+02 2.972727272727272521e+02
8.145454545454545041e+02 2.972727272727272521e+02
3.509090909090908781e+02 3.245454545454545041e+02
3.781818181818181870e+02 3.245454545454545041e+02
4.054545454545454390e+02 3.245454545454545041e+02
4.327272727272727479e+02 3.245454545454545041e+02
4.600000000000000000e+02 3.245454545454545041e+02
4.872727272727272521e+02 3.245454545454545041e+02
5.145454545454545041e+02 3.245454545454545041e+02
5.418181818181817562e+02 3.245454545454545041e+02
5.690909090909091219e+02 3.245454545454545041e+02
5.963636363636363740e+02 3.245454545454545041e+02
6.236363636363636260e+02 3.245454545454545041e+02
6.509090909090908781e+02 3.245454545454545041e+02
6.781818181818182438e+02 3.245454545454545041e+02
7.054545454545454959e+02 3.245454545454545041e+02
7.327272727272727479e+02 3.245454545454545041e+02
7.600000000000000000e+02 3.245454545454545041e+02
7.872727272727272521e+02 3.245454545454545041e+02
8.145454545454545041e+02 3.245454545454545041e+02
3.509090909090908781e+02 3.518181818181818130e+02
3.781818181818181870e+02 3.518181818181818130e+02
4.054545454545454390e+02 3.518181818181818130e+02
4.327272727272727479e+02 3.518181818181818130e+02
4.600000000000000000e+02 3.518181818181818130e+02
4.872727272727272521e+02 3.518181818181818130e+02
5.145454545454545041e+02 3.518181818181818130e+02
5.418181818181817562e+02 3.518181818181818130e+02
5.690909090909091219e+02 3.518181818181818130e+02
5.963636363636363740e+02 3.518181818181818130e+02
6.236363636363636260e+02 3.518181818181818130e+02
6.509090909090908781e+02 3.518181818181818130e+02
6.781818181818182438e+02 3.518181818181818130e+02
7.054545454545454959e+02 3.518181818181818130e+02
7.327272727272727479e+02 3.518181818181818130e+02
7.600000000000000000e+02 3.518181818181818130e+02
7.872727272727272521e+02 3.518181818181818130e+02
8.145454545454545041e+02 3.518181818181818130e+02
3.236363636363636260e+02 3.790909090909091219e+02
3.509090909090908781e+02 3.790909090909091219e+02
3.781818181818181870e+02 3.790909090909091219e+02
4.054545454545454390e+02 3.790909090909091219e+02
4.327272727272727479e+02 3.790909090909091219e+02
4.600000000000000000e+02 3.790909090909091219e+02
4.872727272727272521e+02 3.790909090909091219e+02
5.145454545454545041e+02 3.790909090909091219e+02
5.418181818181817562e+02 3.790909090909091219e+02
5.690909090909091219e+02 3.790909090909091219e+02
5.963636363636363740e+02 3.790909090909091219e+02
6.236363636363636260e+02 3.790909090909091219e+02
6.509090909090908781e+02 3.790909090909091219e+02
6.781818181818182438e+02 3.790909090909091219e+02
7.054545454545454959e+02 3.790909090909091219e+02
7.327272727272727479e+02 3.790909090909091219e+02
7.600000000000000000e+02 3.790909090909091219e+02
7.872727272727272521e+02 3.790909090909091219e+02
8.145454545454545041e+02 3.790909090909091219e+02
8.418181818181818699e+02 3.790909090909091219e+02
3.236363636363636260e+02 4.063636363636363740e+02
3.509090909090908781e+02 4.063636363636363740e+02
3.781818181818181870e+02 4.063636363636363740e+02
4.054545454545454390e+02 4.063636363636363740e+02
4.327272727272727479e+02 4.063636363636363740e+02
4.600000000000000000e+02 4.063636363636363740e+02
4.872727272727272521e+02 4.063636363636363740e+02
5.145454545454545041e+02 4.063636363636363740e+02
5.418181818181817562e+02 4.063636363636363740e+02
5.690909090909091219e+02 4.063636363636363740e+02
5.963636363636363740e+02 4.063636363636363740e+02
6.236363636363636260e+02 4.063636363636363740e+02
6.509090909090908781e+02 4.063636363636363740e+02
6.781818181818182438e+02 4.063636363636363740e+02
7.054545454545454959e+02 4.063636363636363740e+02
7.327272727272727479e+02 4.063636363636363740e+02
7.600000000000000000e+02 4.063636363636363740e+02
7.872727272727272521e+02 4.063636363636363740e+02
8.145454545454545041e+02 4.063636363636363740e+02
8.418181818181818699e+02 4.063636363636363740e+02
3.509090909090908781e+02 4.336363636363636260e+02
3.781818181818181870e+02 4.336363636363636260e+02
4.054545454545454390e+02 4.336363636363636260e+02
4.327272727272727479e+02 4.336363636363636260e+02
4.600000000000000000e+02 4.336363636363636260e+02
4.872727272727272521e+02 4.336363636363636260e+02
5.145454545454545041e+02 4.336363636363636260e+02
5.418181818181817562e+02 4.336363636363636260e+02
5.690909090909091219e+02 4.336363636363636260e+02
5.963636363636363740e+02 4.336363636363636260e+02
6.236363636363636260e+02 4.336363636363636260e+02
6.509090909090908781e+02 4.336363636363636260e+02
6.781818181818182438e+02 4.336363636363636260e+02
7.054545454545454959e+02 4.336363636363636260e+02
7.327272727272727479e+02 4.336363636363636260e+02
7.600000000000000000e+02 4.336363636363636260e+02
7.872727272727272521e+02 4.336363636363636260e+02
8.145454545454545041e+02 4.336363636363636260e+02
3.509090909090908781e+02 4.609090909090908781e+02
3.781818181818181870e+02 4.609090909090908781e+02
4.054545454545454390e+02 4.609090909090908781e+02
4.327272727272727479e+02 4.609090909090908781e+02
4.600000000000000000e+02 4.609090909090908781e+02
4.872727272727272521e+02 4.609090909090908781e+02
5.145454545454545041e+02 4.609090909090908781e+02
5.418181818181817562e+02 4.609090909090908781e+02
5.690909090909091219e+02 4.609090909090908781e+02
5.963636363636363740e+02 4.609090909090908781e+02
6.236363636363636260e+02 4.609090909090908781e+02
6.509090909090908781e+02 4.609090909090908781e+02
6.781818181818182438e+02 4.609090909090908781e+02
7.054545454545454959e+02 4.609090909090908781e+02
7.327272727272727479e+02 4.609090909090908781e+02
7.600000000000000000e+02 4.609090909090908781e+02
7.872727272727272521e+02 4.609090909090908781e+02
8.145454545454545041e+02 4.609090909090908781e+02
3.509090909090908781e+02 4.881818181818181870e+02
3.781818181818181870e+02 4.881818181818181870e+02
4.054545454545454390e+02 4.881818181818181870e+02
4.327272727272727479e+02 4.881818181818181870e+02
4.600000000000000000e+02 4.881818181818181870e+02
4.872727272727272521e+02 4.881818181818181870e+02
5.145454545454545041e+02 4.881818181818181870e+02
5.418181818181817562e+02 4.881818181818181870e+02
5.690909090909091219e+02 4.881818181818181870e+02
5.963636363636363740e+02 4.881818181818181870e+02
6.236363636363636260e+02 4.881818181818181870e+02
6.509090909090908781e+02 4.881818181818181870e+02
6.781818181818182438e+02 4.881818181818181870e+02
7.054545454545454959e+02 4.881818181818181870e+02
7.327272727272727479e+02 4.881818181818181870e+02
7.600000000000000000e+02 4.881818181818181870e+02
7.872727272727272521e+02 4.881818181818181870e+02
8.145454545454545041e+02 4.881818181818181870e+02
3.781818181818181870e+02 5.154545454545454959e+02
4.054545454545454390e+02 5.154545454545454959e+02
4.327272727272727479e+02 5.154545454545454959e+02
4.600000000000000000e+02 5.154545454545454959e+02
4.872727272727272521e+02 5.154545454545454959e+02
5.145454545454545041e+02 5.154545454545454959e+02
5.418181818181817562e+02 5.154545454545454959e+02
5.690909090909091219e+02 5.154545454545454959e+02
5.963636363636363740e+02 5.154545454545454959e+02
6.236363636363636260e+02 5.154545454545454959e+02
6.509090909090908781e+02 5.154545454545454959e+02
6.781818181818182438e+02 5.154545454545454959e+02
7.054545454545454959e+02 5.154545454545454959e+02
7.327272727272727479e+02 5.154545454545454959e+02
7.600000000000000000e+02 5.154545454545454959e+02
7.872727272727272521e+02 5.154545454545454959e+02
3.781818181818181870e+02 5.427272727272727479e+02
4.054545454545454390e+02 5.427272727272727479e+02
4.327272727272727479e+02 5.427272727272727479e+02
4.600000000000000000e+02 5.427272727272727479e+02
4.872727272727272521e+02 5.427272727272727479e+02
5.145454545454545041e+02 5.427272727272727479e+02
5.418181818181817562e+02 5.427272727272727479e+02
5.690909090909091219e+02 5.427272727272727479e+02
5.963636363636363740e+02 5.427272727272727479e+02
6.236363636363636260e+02 5.427272727272727479e+02
6.509090909090908781e+02 5.427272727272727479e+02
6.781818181818182438e+02 5.427272727272727479e+02
7.054545454545454959e+02 5.427272727272727479e+02
7.327272727272727479e+02 5.427272727272727479e+02
7.600000000000000000e+02 5.427272727272727479e+02
7.872727272727272521e+02 5.427272727272727479e+02
4.054545454545454390e+02 5.700000000000000000e+02
4.327272727272727479e+02 5.700000000000000000e+02
4.600000000000000000e+02 5.700000000000000000e+02
4.872727272727272521e+02 5.700000000000000000e+02
5.145454545454545041e+02 5.700000000000000000e+02
5.418181818181817562e+02 5.700000000000000000e+02
5.690909090909091219e+02 5.700000000000000000e+02
5.963636363636363740e+02 5.700000000000000000e+02
6.236363636363636260e+02 5.700000000000000000e+02
6.509090909090908781e+02 5.700000000000000000e+02
6.781818181818182438e+02 5.700000000000000000e+02
7.054545454545454959e+02 5.700000000000000000e+02
7.327272727272727479e+02 5.700000000000000000e+02
7.600000000000000000e+02 5.700000000000000000e+02
4.327272727272727479e+02 5.972727272727272521e+02
4.600000000000000000e+02 5.972727272727272521e+02
4.872727272727272521e+02 5.972727272727272521e+02
5.145454545454545041e+02 5.972727272727272521e+02
5.418181818181817562e+02 5.972727272727272521e+02
5.690909090909091219e+02 5.972727272727272521e+02
5.963636363636363740e+02 5.972727272727272521e+02
6.236363636363636260e+02 5.972727272727272521e+02
6.509090909090908781e+02 5.972727272727272521e+02
6.781818181818182438e+02 5.972727272727272521e+02
7.054545454545454959e+02 5.972727272727272521e+02
7.327272727272727479e+02 5.972727272727272521e+02
4.872727272727272521e+02 6.245454545454545041e+02
5.145454545454545041e+02 6.245454545454545041e+02
5.418181818181817562e+02 6.245454545454545041e+02
5.690909090909091219e+02 6.245454545454545041e+02
5.963636363636363740e+02 6.245454545454545041e+02
6.236363636363636260e+02 6.245454545454545041e+02
6.509090909090908781e+02 6.245454545454545041e+02
6.781818181818182438e+02 6.245454545454545041e+02
5.690909090909091219e+02 6.518181818181818699e+02
5.963636363636363740e+02 6.518181818181818699e+02
