495.74 39.42
540.79 39.18
359.87 85.21
405.14 85.35
450.69 84.97
495.72 85.40
540.75 85.39
586.41 85.26
632.26 85.94
677.96 86.10
268.87 130.64
314.05 130.70
359.67 130.71
405.05 130.75
450.48 130.72
495.67 131.00
540.91 131.33
586.32 131.03
632.24 131.05
678.32 131.39
723.18 131.67
768.26 131.45
223.44 175.73
268.82 175.68
314.21 175.46
359.37 175.75
404.85 176.14
450.43 176.12
496.03 176.00
540.59 175.93
586.21 176.10
632.36 176.56
678.23 176.30
723.12 176.06
768.03 176.27
813.50 176.24
178.00 220.43
223.34 220.65
268.88 220.92
313.91 220.70
359.47 220.82
404.88 220.82
450.32 220.71
495.85 220.51
540.57 220.77
586.57 220.98
632.50 221.14
677.78 220.93
723.25 220.91
768.64 221.05
813.59 221.23
858.47 221.74
178.26 266.90
223.26 266.51
268.35 266.55
313.67 265.92
359.52 266.11
404.75 266.18
450.58 266.42
495.53 266.13
540.87 266.25
586.57 266.37
632.36 266.31
677.68 266.49
723.25 267.04
768.87 267.06
813.79 267.15
858.70 267.46
132.10 312.67
178.24 312.86
223.03 312.43
268.00 312.12
313.71 312.09
359.52 311.75
404.46 311.81
450.31 311.56
495.64 312.18
540.60 312.05
586.44 311.94
632.31 311.81
678.03 312.29
723.25 312.75
768.81 312.63
814.18 312.94
858.65 313.14
904.79 313.69
132.15 357.34
177.87 357.66
222.87 357.32
267.83 357.32
313.36 356.83
359.13 357.01
404.49 356.85
450.43 357.06
495.84 357.26
540.44 357.05
586.07 357.28
632.44 357.28
678.29 357.64
723.46 357.66
768.64 357.68
814.38 357.73
859.11 358.21
905.10 358.27
131.40 402.53
177.66 402.31
222.88 402.26
267.59 402.63
313.28 402.30
358.98 402.17
404.36 402.34
450.36 402.32
496.03 402.43
540.39 402.80
585.95 402.91
632.32 403.20
678.25 402.87
723.52 402.72
768.98 402.83
814.17 403.20
859.40 403.05
905.21 402.73
83.74 447.58
131.33 447.14
177.66 447.34
222.90 447.55
267.45 447.56
313.07 447.02
358.84 447.56
404.62 447.12
450.64 447.44
496.22 447.66
540.61 447.63
586.08 447.72
632.32 447.95
678.11 448.14
723.32 448.07
768.93 448.07
814.12 448.11
859.26 448.11
905.14 447.94
951.62 448.02
83.51 493.60
130.84 493.55
177.39 492.99
222.58 492.62
267.73 493.31
312.98 493.45
358.40 493.48
404.04 493.16
450.92 493.08
496.18 493.41
540.74 493.46
586.26 493.73
632.07 493.52
677.94 493.27
723.38 493.64
768.55 493.11
814.22 493.42
859.24 493.71
905.42 493.83
951.65 494.25
130.22 538.54
176.94 538.42
222.94 538.22
268.09 538.71
313.30 538.82
358.01 538.81
403.63 538.59
451.02 538.16
496.19 539.04
540.63 539.27
586.04 538.78
632.23 538.37
678.00 538.76
723.18 538.83
768.44 538.72
813.91 539.01
859.28 539.07
905.56 538.84
129.69 585.06
176.56 584.50
222.82 583.82
268.53 583.70
313.26 583.84
358.08 583.98
403.37 584.31
450.74 584.05
496.06 583.53
540.46 583.32
586.21 584.00
632.19 584.14
678.18 584.38
723.10 584.30
768.49 584.27
813.99 584.48
859.40 584.63
905.80 584.93
129.14 629.96
176.14 629.79
222.48 629.12
268.16 628.70
313.46 628.80
358.53 629.42
403.61 630.28
449.55 629.80
495.28 628.62
540.81 628.49
586.86 629.28
632.37 629.77
678.29 629.95
723.07 629.64
768.58 630.03
814.37 630.16
859.51 630.19
905.76 630.01
175.36 674.78
221.84 674.17
267.81 674.50
313.17 674.14
359.15 674.00
403.88 675.01
448.81 674.61
494.67 675.09
541.33 675.07
587.28 675.17
632.44 675.06
677.90 675.16
722.88 674.98
768.65 674.88
814.41 674.88
859.63 675.26
174.86 720.20
221.63 719.93
268.15 719.87
313.65 720.27
358.70 720.16
403.77 720.07
449.13 720.23
495.40 720.84
540.88 720.87
587.01 720.78
632.25 720.54
677.51 720.48
722.59 720.35
768.36 720.16
814.45 720.05
860.34 720.91
221.19 766.20
268.27 765.99
313.48 765.61
358.57 765.37
403.89 765.39
449.39 765.64
495.50 765.60
540.68 766.11
586.81 766.16
631.94 766.02
677.16 765.67
722.51 765.78
768.14 766.17
814.57 766.38
267.24 812.18
312.95 811.11
358.36 811.07
403.96 811.21
449.27 810.99
495.56 811.05
540.70 811.07
586.53 811.48
631.80 811.43
677.16 811.12
722.96 811.72
768.86 812.54
357.84 857.57
403.22 857.40
449.26 857.22
495.16 856.92
540.65 857.02
586.33 857.42
631.75 857.39
676.97 857.78
495.14 904.14
540.59 903.74
