7.417339365929365158e-03
1.098515652120113373e-02
1.811811700463294983e-02
9.726636111736297607e-03
7.616245653480291367e-03
6.122746039181947708e-03
4.888312891125679016e-03
4.029350820928812027e-04
-3.337524365633726120e-03
-2.471553161740303040e-03
3.638518974184989929e-03
8.786123245954513550e-03
4.050770308822393417e-03
6.733834743499755859e-05
-4.261824302375316620e-03
-5.458592437207698822e-03
-2.289049560204148293e-03
-6.653765216469764709e-03
-8.773064240813255310e-03
4.960186313837766647e-03
5.624858196824789047e-03
3.399194916710257530e-03
3.502227831631898880e-03
-5.112191196531057358e-03
-3.834646195173263550e-03
-3.219604492187500000e-03
-5.905309226363897324e-03
-2.712298883125185966e-04
-7.397169712930917740e-03
-3.248030785471200943e-03
9.560579201206564903e-04
3.176052356138825417e-03
3.217696910724043846e-03
-1.807445427402853966e-03
-5.713375285267829895e-03
-5.012180190533399582e-03
-7.352606393396854401e-03
