7.417339365929365158e-03
1.098515652120113373e-02
1.811811700463294983e-02
9.726636111736297607e-03
7.616245653480291367e-03
6.122746039181947708e-03
4.888312891125679016e-03
4.029350820928812027e-04
-3.337524365633726120e-03
-2.471553161740303040e-03
3.638518974184989929e-03
8.786123245954513550e-03
4.050770308822393417e-03
6.733834743499755859e-05
-4.261824302375316620e-03
-5.458592437207698822e-03
-2.289049560204148293e-03
-6.653765216469764709e-03
-8.773064240813255310e-03
4.960186313837766647e-03
5.624858196824789047e-03
3.399194916710257530e-03
3.502227831631898880e-03
-5.112191196531057358e-03
-3.834646195173263550e-03
-3.219604492187500000e-03
-5.905309226363897324e-03
-2.712298883125185966e-04
-7.397169712930917740e-03
-3.248030785471200943e-03
9.560579201206564903e-04
3.176052356138825417e-03
3.217696910724043846e-03
-1.807445427402853966e-03
-5.713375285267829895e-03
-5.012180190533399582e-03
-7.352606393396854401e-03
-7.032575551420450211e-03
-8.378516882658004761e-03
-2.614130266010761261e-03
-7.508537732064723969e-03
-2.128778956830501556e-03
4.458174109458923340e-03
5.537130404263734818e-03
-3.450821619480848312e-03
-5.805456079542636871e-03
-2.426563063636422157e-03
-6.306559313088655472e-03
-7.904713042080402374e-03
-5.698411725461483002e-03
-3.872802713885903358e-03
-2.767927013337612152e-03
-4.831061698496341705e-03
8.618707768619060516e-03
3.058920847252011299e-03
-2.478935988619923592e-03
-3.023175057023763657e-03
-3.231424838304519653e-03
-1.247619558125734329e-02
-7.365186698734760284e-03
-7.325816433876752853e-03
-5.461955443024635315e-03
-4.456111229956150055e-03
3.974555293098092079e-04
4.474488086998462677e-03
4.642131738364696503e-03
4.228298086673021317e-03
-1.287676207721233368e-02
-6.444999016821384430e-03
-3.584835212677717209e-03
-8.682064712047576904e-03
-3.195722121745347977e-03
-4.303180612623691559e-03
-2.416926436126232147e-03
-2.387817949056625366e-05
2.631190931424498558e-03
9.091842919588088989e-03
6.300067063421010971e-03
-6.296672392636537552e-03
-5.109133198857307434e-03
-1.416393090039491653e-03
-6.538197398185729980e-03
-6.563500501215457916e-03
4.643748980015516281e-03
4.994207993149757385e-03
1.056667417287826538e-02
7.059976924210786819e-03
-1.508161891251802444e-03
-3.220035927370190620e-03
-2.022508531808853149e-03
1.065455190837383270e-02
1.046154089272022247e-02
8.002862334251403809e-03
1.257602311670780182e-02
2.274541556835174561e-02
1.195894367992877960e-02
9.103748016059398651e-03
