495.33 39.41
540.95 39.31
359.70 85.59
404.96 85.84
450.45 85.66
495.45 86.12
540.90 86.09
586.22 85.82
632.13 86.45
677.60 86.49
268.65 131.07
313.78 131.25
359.45 131.37
405.04 131.60
450.26 131.63
495.56 131.80
541.10 132.15
586.34 131.79
631.97 131.89
677.89 132.32
723.21 132.47
768.28 132.08
223.34 176.42
268.76 176.39
314.06 176.20
359.26 176.41
404.71 176.76
450.22 176.86
495.95 176.68
540.71 176.50
586.23 176.65
632.18 177.14
677.90 177.16
722.98 176.91
768.16 177.06
813.46 177.03
177.76 221.38
223.17 221.78
268.80 221.98
313.73 221.56
359.37 221.71
404.60 221.71
450.10 221.33
495.57 221.29
540.76 221.50
586.58 221.66
632.36 222.00
677.42 221.80
723.18 221.63
768.47 221.98
813.71 222.29
859.01 222.62
178.03 267.48
223.14 267.03
268.24 267.15
313.51 266.42
359.28 266.51
404.54 266.59
450.14 266.69
495.23 266.40
541.05 266.47
586.65 266.56
632.27 266.46
677.28 266.90
723.28 267.47
768.77 267.47
813.83 267.78
858.96 268.00
131.83 312.85
177.87 312.97
222.81 312.42
267.99 312.12
313.36 312.14
359.23 311.59
404.49 311.74
449.89 311.40
495.33 311.88
540.84 311.92
586.55 311.78
632.34 311.66
677.68 312.18
723.27 312.83
768.75 312.63
814.10 312.95
858.92 313.08
904.88 313.49
131.80 357.49
177.32 357.74
222.54 357.38
267.84 357.42
313.11 356.79
358.70 357.00
404.31 356.87
449.99 356.81
495.39 357.09
540.79 356.88
586.15 357.06
632.49 357.04
678.36 357.46
723.47 357.63
768.52 357.62
814.31 357.82
859.43 358.28
905.25 358.57
131.19 402.85
177.10 402.56
222.41 402.56
267.54 402.66
312.95 402.33
358.70 402.17
404.24 402.46
449.82 402.40
495.39 402.30
540.66 402.56
586.18 402.74
632.27 402.99
678.22 402.72
723.44 402.46
768.99 402.67
814.22 403.28
859.66 403.23
905.44 403.19
83.65 448.16
130.89 447.52
176.95 447.66
222.42 447.76
267.10 447.50
312.80 447.04
358.63 447.59
404.33 447.25
450.13 447.43
495.64 447.60
540.83 447.51
586.31 447.73
632.25 447.72
677.99 447.96
723.30 447.99
769.13 447.98
814.32 448.28
859.63 448.34
905.48 448.25
952.02 448.41
83.11 493.43
130.37 493.51
176.64 493.00
222.13 492.59
267.07 492.85
312.58 493.02
358.14 492.96
403.81 492.55
450.32 492.49
495.70 492.83
540.84 492.94
586.51 493.13
632.11 493.07
677.92 492.88
723.59 493.39
769.03 493.03
814.45 493.35
859.74 493.68
905.74 493.77
952.18 494.13
129.86 538.32
176.26 538.29
221.93 537.86
267.49 538.26
312.79 538.05
357.74 538.15
403.52 537.88
450.29 537.41
495.56 538.23
540.89 538.41
586.15 538.09
632.31 537.71
678.02 538.14
723.48 538.51
768.89 538.34
814.30 538.72
859.82 539.00
905.88 538.75
129.33 584.56
175.96 584.15
221.79 583.51
267.62 583.37
312.74 583.35
357.73 583.54
403.33 583.69
450.03 583.43
495.60 583.23
540.73 583.08
586.26 583.59
632.33 583.73
678.19 583.75
723.49 583.98
768.98 583.90
814.45 584.17
859.87 584.36
906.19 584.64
128.98 629.53
175.56 629.41
221.51 628.94
267.24 628.48
312.69 628.38
358.12 628.84
403.43 629.65
449.13 629.30
494.91 628.44
541.07 628.17
586.69 628.99
632.42 629.41
678.24 629.46
723.53 629.21
769.07 629.87
814.60 630.01
860.06 630.09
906.03 629.83
174.86 674.50
221.00 673.91
266.80 674.14
312.24 674.00
358.73 673.64
403.65 674.58
448.64 674.20
494.63 674.71
541.35 674.68
587.08 674.90
632.51 674.69
677.83 674.93
723.39 674.84
769.39 674.85
814.93 674.94
860.31 675.32
174.39 720.02
220.76 719.78
267.12 719.79
312.80 719.89
358.19 719.77
403.45 719.71
448.97 719.90
495.00 720.55
540.93 720.24
586.91 720.31
632.21 720.17
677.78 720.18
723.36 720.39
769.13 720.20
815.00 720.11
860.99 721.03
220.39 765.81
267.34 765.81
312.77 765.40
358.12 765.18
403.67 765.29
449.29 765.25
495.19 765.23
540.54 765.59
586.52 765.84
632.14 765.79
677.56 765.59
723.45 765.86
768.97 766.05
815.23 766.35
266.37 812.00
312.16 811.12
357.76 810.90
403.57 810.88
449.09 810.36
495.01 810.45
540.78 810.56
586.39 811.08
632.19 811.21
677.88 811.03
723.73 811.85
769.77 812.41
357.21 857.81
402.70 857.46
448.98 857.18
494.62 857.03
540.99 857.06
586.22 857.42
632.20 857.73
677.91 857.97
494.84 905.02
540.92 904.26
