495.33 39.70
541.07 39.60
359.67 86.13
404.97 86.38
450.56 86.12
495.49 86.57
540.85 86.61
586.21 86.32
632.10 86.91
677.49 87.02
268.68 131.53
313.72 131.70
359.40 131.97
405.07 132.26
450.41 132.26
495.64 132.33
541.01 132.76
586.33 132.26
631.92 132.41
677.74 132.87
723.17 132.92
768.25 132.59
223.43 176.90
268.85 176.90
314.12 176.65
359.29 177.06
404.76 177.32
450.33 177.36
495.96 177.11
540.67 176.92
586.20 177.16
632.15 177.62
677.71 177.79
722.99 177.49
768.19 177.65
813.50 177.54
177.74 221.85
223.24 222.34
268.81 222.41
313.75 222.00
359.40 222.18
404.55 222.14
450.15 221.82
495.59 221.66
540.76 221.72
586.70 222.13
632.40 222.48
677.22 222.25
723.19 222.21
768.59 222.66
813.84 222.87
859.05 223.06
178.02 267.93
223.16 267.38
268.35 267.45
313.56 266.76
359.31 266.80
404.52 266.80
450.05 266.98
495.23 266.59
541.22 266.64
586.64 266.81
632.23 266.76
677.18 267.32
723.26 267.89
768.80 267.91
813.89 268.20
859.11 268.34
131.80 313.23
177.76 313.21
222.75 312.48
268.12 312.24
313.35 312.32
359.26 311.76
404.46 311.86
449.87 311.62
495.33 312.11
541.01 312.12
586.67 311.95
632.32 311.88
677.74 312.45
723.22 313.09
768.70 312.91
814.15 313.18
859.04 313.47
904.99 313.85
131.68 357.75
177.12 357.99
222.44 357.47
267.92 357.56
313.14 356.92
358.71 357.02
404.32 357.07
449.90 356.83
495.35 357.29
540.89 356.93
586.22 357.13
632.45 357.18
678.39 357.55
723.57 357.78
768.61 357.75
814.56 357.94
859.52 358.45
905.35 358.88
131.10 403.02
176.85 402.75
222.25 402.74
267.57 402.70
312.94 402.40
358.61 402.20
404.20 402.45
449.73 402.43
495.41 402.29
540.76 402.54
586.29 402.67
632.14 402.97
678.32 402.78
723.62 402.49
769.02 402.66
814.47 403.34
859.85 403.38
905.62 403.43
83.65 448.37
130.75 447.68
176.73 447.85
222.20 447.85
267.11 447.49
312.79 447.04
358.56 447.49
404.21 447.25
450.08 447.51
495.60 447.53
540.77 447.38
586.37 447.73
632.28 447.72
678.06 447.89
723.40 447.94
769.12 447.95
814.57 448.42
859.88 448.39
905.68 448.51
951.97 448.63
83.10 493.45
130.17 493.53
176.49 492.94
221.97 492.64
266.88 492.82
312.57 492.95
358.15 492.80
403.70 492.35
450.14 492.36
495.60 492.66
540.86 492.79
586.65 492.99
632.15 493.02
677.86 492.79
723.63 493.22
769.22 492.98
814.73 493.34
860.06 493.65
905.96 493.84
952.19 494.20
129.61 538.31
176.00 538.27
221.71 537.91
267.24 538.22
312.69 537.88
357.73 538.10
403.45 537.77
450.16 537.32
495.46 538.10
541.01 538.20
586.31 538.01
632.45 537.72
678.20 538.02
723.61 538.45
769.22 538.28
814.59 538.58
860.15 539.00
906.11 538.82
129.13 584.50
175.69 584.20
221.60 583.43
267.26 583.41
312.61 583.30
357.67 583.48
403.27 583.46
449.88 583.30
495.53 583.21
540.76 583.09
586.39 583.58
632.40 583.64
678.28 583.68
723.67 583.93
769.29 583.91
814.75 584.18
860.22 584.36
906.50 584.47
128.93 629.37
175.25 629.33
221.30 628.90
266.86 628.52
312.43 628.27
357.96 628.67
403.28 629.44
449.03 629.11
494.93 628.47
541.06 628.29
586.75 629.03
632.45 629.44
678.27 629.37
723.54 629.15
769.34 629.87
814.84 629.92
860.37 630.07
906.29 629.74
174.79 674.48
220.67 673.93
266.52 674.19
311.94 674.08
358.51 673.57
403.38 674.52
448.64 674.11
494.77 674.65
541.41 674.63
587.14 674.82
632.61 674.66
677.92 674.88
723.46 674.96
769.62 674.85
815.08 674.98
860.57 675.30
174.33 720.19
220.59 719.91
266.69 719.98
312.46 720.05
357.85 719.84
403.28 719.62
448.94 719.80
495.04 720.40
541.07 720.03
586.92 720.19
632.35 720.03
677.88 720.16
723.63 720.45
769.30 720.34
815.19 720.23
861.12 721.14
220.18 765.94
266.89 766.00
312.38 765.53
357.63 765.31
403.38 765.32
449.30 765.25
495.17 765.17
540.67 765.46
586.62 765.76
632.23 765.81
677.82 765.68
723.74 765.91
769.25 766.10
815.41 766.49
265.94 812.22
311.79 811.27
357.36 810.99
403.27 810.95
449.07 810.47
495.00 810.61
540.75 810.62
586.57 811.01
632.40 811.30
678.22 811.23
723.97 812.04
770.09 812.64
356.82 858.11
402.28 857.69
448.91 857.37
494.57 857.30
541.02 857.18
586.37 857.68
632.44 857.91
678.30 858.28
494.79 905.53
540.96 904.71
