486.46 131.64
513.98 131.63
541.41 131.60
376.58 159.17
404.06 159.20
431.52 159.13
459.00 159.14
486.50 159.14
513.95 159.11
541.42 159.06
568.89 159.06
596.41 159.04
623.82 159.02
651.36 159.01
321.65 186.65
349.12 186.61
376.58 186.61
404.05 186.58
431.54 186.58
459.01 186.56
486.61 186.85
513.98 186.56
541.42 186.53
568.91 186.52
596.41 186.49
623.84 186.47
651.38 186.44
678.79 186.45
706.30 186.44
294.23 214.17
321.68 214.15
349.16 214.16
376.58 214.11
404.08 214.13
431.57 214.07
459.04 214.08
486.51 214.04
513.97 214.03
541.45 214.01
568.91 214.00
596.45 213.97
623.86 213.93
651.40 213.92
678.84 213.90
706.35 213.88
733.82 213.84
266.72 241.62
294.22 241.60
321.70 241.59
349.18 241.57
376.61 241.59
404.11 241.55
431.57 241.56
459.05 241.53
486.50 241.51
514.01 241.50
541.45 241.48
568.94 241.48
596.43 241.46
623.89 241.45
651.40 241.42
678.81 241.41
706.35 241.39
733.83 241.38
761.32 241.35
239.30 269.14
266.73 269.14
294.27 269.15
321.70 269.09
349.21 269.08
376.63 269.05
404.14 269.07
431.59 269.03
459.14 269.03
486.56 268.96
514.04 268.96
541.48 268.96
568.94 268.93
596.44 268.92
623.92 268.87
651.39 268.88
678.86 268.84
706.39 268.84
733.84 268.81
761.33 268.80
788.79 268.78
211.78 296.60
239.32 296.60
266.77 296.57
294.27 296.59
321.72 296.56
349.18 296.55
376.64 296.54
404.14 296.51
431.63 296.49
459.10 296.47
486.55 296.43
514.06 296.46
541.48 296.43
569.02 296.46
596.47 296.41
623.94 296.40
651.43 296.38
678.90 296.36
706.36 296.34
733.86 296.33
761.37 296.28
788.80 296.28
816.31 296.25
184.37 324.14
211.79 324.12
239.32 324.09
266.77 324.06
294.30 324.07
321.75 324.06
349.23 324.03
376.64 323.98
404.16 323.99
431.62 323.98
459.15 323.94
486.60 323.91
514.10 323.89
541.50 323.89
569.00 323.86
596.27 323.73
623.93 323.81
651.43 323.83
678.89 323.79
706.39 323.81
733.87 323.81
761.34 323.75
788.80 323.68
816.33 323.71
843.75 323.68
184.37 351.60
211.83 351.57
239.35 351.55
266.79 351.56
294.31 351.54
321.75 351.50
349.23 351.50
376.68 351.45
404.17 351.45
431.65 351.46
459.13 351.43
486.60 351.42
514.08 351.42
541.50 351.37
569.04 351.38
596.51 351.35
623.97 351.34
651.47 351.32
678.89 351.32
706.41 351.28
733.91 351.28
761.38 351.26
788.85 351.24
816.38 351.20
843.76 351.18
156.90 379.11
184.37 379.10
211.85 379.07
239.40 378.99
266.80 379.05
294.33 379.02
321.79 378.97
349.25 378.95
376.66 378.94
404.20 378.92
431.67 378.91
459.16 378.84
486.60 378.86
514.11 378.84
541.55 378.82
569.05 378.80
596.51 378.81
623.99 378.77
651.49 378.77
678.93 378.73
706.43 378.76
733.89 378.73
761.39 378.72
788.84 378.66
816.39 378.67
843.80 378.64
871.34 378.61
156.92 406.56
184.41 406.54
211.84 406.53
239.38 406.52
266.82 406.50
294.34 406.48
321.78 406.46
349.26 406.44
376.71 406.45
404.22 406.42
431.68 406.41
459.18 406.41
486.64 406.34
514.15 406.35
541.57 406.31
569.06 406.36
596.55 406.28
624.03 406.31
651.51 406.28
678.97 406.27
706.44 406.24
733.95 406.25
761.41 406.18
788.88 406.21
816.39 406.16
843.82 406.15
871.34 406.11
156.97 434.10
184.41 434.06
211.89 434.01
239.40 434.01
266.85 433.96
294.38 433.97
321.83 433.93
349.32 433.93
376.73 433.90
404.26 433.87
431.67 433.85
459.26 433.83
486.68 433.80
514.16 433.81
541.62 433.76
569.11 433.78
596.58 433.75
624.03 433.72
651.51 433.70
678.99 433.71
706.46 433.71
733.95 433.64
761.42 433.65
788.89 433.64
816.41 433.60
843.84 433.60
871.34 433.59
156.99 461.52
184.42 461.50
211.90 461.50
239.43 461.46
266.85 461.46
294.37 461.47
321.78 461.43
349.29 461.41
376.74 461.41
404.26 461.38
431.70 461.38
459.21 461.36
486.66 461.33
514.16 461.36
541.62 461.27
569.14 461.29
596.59 461.25
624.04 461.26
651.54 461.21
679.01 461.24
706.48 461.21
733.95 461.21
761.44 461.16
788.93 461.15
816.42 461.11
843.85 461.11
871.38 461.08
129.38 489.01
156.96 488.97
184.45 488.96
211.91 488.95
239.42 488.93
266.86 488.90
294.38 488.90
321.84 488.86
349.31 488.86
376.74 488.85
404.27 488.83
431.68 488.80
459.24 488.79
486.68 488.78
514.15 488.73
541.62 488.75
569.13 488.69
596.56 488.71
624.06 488.68
651.55 488.68
679.02 488.64
706.50 488.65
733.97 488.61
761.45 488.60
788.91 488.56
816.45 488.57
843.87 488.56
871.37 488.56
898.64 488.53
129.40 516.47
157.01 516.50
184.44 516.47
211.93 516.46
239.42 516.40
266.90 516.42
294.40 516.40
321.87 516.38
349.31 516.35
376.74 516.36
404.27 516.33
431.71 516.31
459.26 516.30
486.67 516.27
514.18 516.26
541.63 516.25
569.17 516.24
596.59 516.22
624.12 516.22
651.59 516.18
679.03 516.18
706.49 516.16
733.99 516.17
761.46 516.08
788.92 516.11
816.46 516.08
843.89 516.06
871.39 516.03
898.66 516.00
129.44 543.94
157.02 543.90
184.46 543.91
211.94 543.87
239.46 543.87
266.90 543.84
294.41 543.85
321.89 543.82
349.37 543.80
376.78 543.77
404.29 543.79
431.71 543.75
459.26 543.72
486.71 543.71
514.18 543.73
541.66 543.70
569.17 543.66
596.61 543.69
624.10 543.61
651.56 543.64
679.07 543.59
706.50 543.58
734.01 543.57
761.50 543.56
788.95 543.53
816.45 543.53
843.91 543.51
871.42 543.48
898.69 543.50
157.04 571.43
184.47 571.41
211.96 571.41
239.46 571.37
266.94 571.38
294.45 571.35
321.90 571.33
349.37 571.33
376.80 571.29
404.32 571.30
431.73 571.28
459.30 571.24
486.69 571.23
514.23 571.22
541.66 571.22
569.19 571.18
596.59 571.15
624.15 571.14
651.61 571.14
679.09 571.12
706.54 571.08
734.06 571.07
761.52 571.05
788.96 571.03
816.48 571.00
843.94 571.00
871.43 570.98
157.07 598.87
184.49 598.87
211.98 598.85
239.45 598.85
266.94 598.77
294.45 598.80
321.91 598.77
349.38 598.79
376.82 598.74
404.31 598.71
431.76 598.73
459.31 598.68
486.73 598.67
514.25 598.66
541.71 598.64
569.20 598.61
596.64 598.63
624.14 598.62
651.62 598.58
679.08 598.54
706.55 598.55
734.04 598.54
761.51 598.52
789.01 598.50
816.49 598.48
843.98 598.49
871.44 598.46
157.08 626.39
184.48 626.34
211.98 626.37
239.49 626.32
266.97 626.34
294.45 626.29
321.92 626.28
349.40 626.25
376.83 626.25
404.33 626.22
431.76 626.21
459.33 626.18
486.73 626.18
514.27 626.14
541.69 626.16
569.23 626.14
596.66 626.11
624.18 626.10
651.60 626.10
679.16 626.07
706.57 624.25
734.11 626.02
761.51 625.99
789.02 625.98
816.53 625.97
843.98 625.92
871.44 625.90
157.09 653.81
184.60 653.75
212.00 653.75
239.53 653.80
266.98 653.72
294.47 653.73
321.95 653.69
349.41 653.70
376.87 653.67
404.37 653.66
431.77 653.65
459.35 653.64
486.76 653.63
514.27 653.59
541.73 653.59
569.22 653.56
596.66 653.57
624.17 653.56
651.64 653.52
679.13 653.51
706.57 653.50
734.12 653.48
761.54 653.47
789.04 653.48
816.52 653.45
844.02 653.43
871.47 653.42
184.53 681.31
212.02 681.32
239.50 681.29
266.96 681.29
294.50 681.24
321.97 681.25
349.45 681.22
376.88 681.20
404.40 681.14
431.82 681.16
459.36 681.13
486.75 681.15
514.32 681.12
541.76 681.10
569.28 681.06
596.69 681.06
624.22 681.06
651.67 681.00
679.21 681.00
706.61 680.98
734.12 680.98
761.54 680.95
789.10 680.90
816.53 680.94
844.04 680.87
184.54 708.76
212.05 708.70
239.52 708.75
267.03 708.67
294.51 708.68
321.97 708.67
349.44 708.70
376.86 708.61
404.40 708.61
431.82 708.61
459.38 708.61
486.81 708.58
514.32 708.57
541.76 708.54
569.28 708.52
596.73 708.53
624.24 708.49
651.69 708.52
679.19 708.46
706.66 708.46
734.14 708.44
761.56 708.42
789.09 708.42
816.56 708.37
844.05 708.38
212.08 736.29
239.46 736.29
267.06 736.26
294.52 736.18
321.98 736.19
349.47 736.16
376.90 736.18
404.42 736.12
431.82 736.10
459.40 736.08
486.78 736.10
514.35 736.04
541.79 736.03
569.32 736.01
596.71 736.01
624.29 735.98
651.69 735.96
679.21 735.92
706.65 735.90
734.17 735.91
761.60 735.88
789.13 735.86
816.55 735.85
239.55 763.67
267.05 763.63
294.55 763.65
322.00 763.60
349.48 763.61
376.94 763.59
404.45 763.59
431.85 763.56
459.41 763.56
486.83 763.55
514.38 763.50
541.78 763.49
569.30 763.50
596.72 763.47
624.28 763.47
651.71 763.42
679.22 763.44
706.66 763.41
734.15 763.40
761.62 763.40
789.11 763.38
267.07 791.16
294.55 791.13
322.00 791.13
349.48 791.08
376.94 791.10
404.44 791.04
431.87 791.06
459.42 791.04
486.81 791.00
514.35 790.99
541.78 790.97
569.32 790.96
596.75 790.95
624.29 790.91
651.71 790.88
679.23 790.87
706.67 790.87
734.20 790.83
761.61 790.83
294.55 818.60
322.04 818.57
349.49 818.55
376.98 818.52
404.45 818.53
431.90 818.53
459.43 818.49
486.83 818.49
514.35 818.48
541.83 818.44
569.33 818.44
596.78 818.44
624.29 818.41
651.72 818.40
679.22 818.40
706.67 818.36
734.20 818.36
322.05 846.05
349.50 846.03
376.95 846.00
404.46 845.99
431.89 845.94
459.44 845.95
486.86 845.93
514.41 845.92
541.84 845.89
569.37 845.92
596.78 845.89
624.32 845.87
651.77 845.82
679.28 845.82
706.68 845.80
377.00 873.48
404.49 873.47
431.95 873.46
459.49 873.43
486.90 873.43
514.42 873.40
541.81 873.41
569.36 873.40
597.20 874.09
624.34 873.35
651.76 873.32
486.92 900.96
514.42 900.95
541.87 900.93
