490.09 146.47
517.98 147.18
545.48 147.10
381.10 173.84
408.97 174.29
436.41 174.20
463.37 174.37
490.52 174.38
517.74 174.55
545.34 174.38
572.50 174.48
599.56 174.40
627.14 174.22
654.60 174.39
326.94 200.84
354.45 201.38
381.50 201.40
408.82 201.59
436.12 201.51
463.38 201.49
490.57 201.45
517.81 201.43
545.35 201.41
572.30 201.46
599.48 201.56
626.94 201.55
654.33 201.48
681.68 201.68
708.69 201.54
299.22 227.99
327.04 228.44
354.46 228.49
381.77 228.60
408.82 228.54
436.48 228.42
463.56 228.77
490.69 228.81
517.79 228.85
545.26 228.47
572.42 228.54
599.60 228.60
627.11 228.47
654.39 228.58
681.46 228.94
708.92 228.99
736.37 228.99
272.05 255.53
299.66 256.20
327.38 256.09
354.53 256.14
381.74 256.19
408.93 256.24
436.31 256.18
463.56 256.20
490.60 256.22
517.82 256.26
545.31 256.17
572.37 256.25
599.69 256.31
627.15 256.14
654.26 256.15
681.61 256.32
708.71 256.39
736.53 256.39
763.58 256.57
245.05 282.78
272.37 283.11
299.93 283.44
327.25 283.19
354.43 283.30
381.56 283.25
408.84 283.30
436.17 283.30
463.38 283.27
490.57 283.28
517.78 283.29
545.22 283.21
572.47 283.38
599.53 283.37
627.05 283.28
654.21 283.22
681.41 283.42
708.66 283.33
736.14 283.36
763.49 283.38
790.70 283.73
217.57 309.89
245.26 310.13
272.73 310.54
299.85 310.46
327.38 310.41
354.43 310.37
381.65 310.36
408.75 310.36
436.22 310.29
463.40 310.36
490.58 310.41
517.90 310.42
545.24 310.26
572.51 310.34
599.67 310.44
627.07 310.30
654.26 310.42
681.40 310.43
708.60 310.53
736.17 310.48
763.32 310.61
790.57 310.45
817.90 311.01
190.31 337.85
218.19 337.96
245.56 338.11
272.73 338.23
300.00 338.16
327.36 338.12
354.64 338.12
381.72 338.07
408.92 338.15
436.35 338.01
463.53 338.05
490.75 338.07
517.93 338.07
545.44 337.99
572.71 338.03
599.83 338.06
627.22 338.07
654.42 338.06
681.62 338.16
708.80 338.22
736.28 338.19
763.50 338.24
790.76 338.41
817.81 338.28
845.67 338.44
190.08 364.27
218.12 365.34
245.64 365.35
272.69 365.29
299.78 365.28
327.32 365.24
354.49 365.17
381.62 365.20
408.79 365.18
436.28 365.11
463.46 365.19
490.71 365.21
517.84 365.18
545.30 365.17
572.63 365.20
599.79 365.25
627.26 365.09
654.39 365.24
681.56 365.19
708.70 365.33
736.24 365.25
763.43 365.32
790.68 365.32
817.82 365.56
845.30 365.22
163.20 391.93
190.96 392.33
217.97 392.40
245.46 392.40
272.62 392.42
299.81 392.44
327.19 392.23
354.36 392.26
381.53 392.24
408.77 392.33
436.20 392.22
463.36 392.30
490.59 392.33
517.84 392.43
545.33 392.31
572.54 392.37
599.71 392.35
627.23 392.29
654.32 392.31
681.59 392.39
708.64 392.37
736.15 392.37
763.39 392.42
790.57 392.49
817.79 392.62
845.36 392.52
872.67 392.57
162.98 419.03
190.95 419.44
218.00 419.59
245.53 419.49
272.65 419.51
299.79 419.55
327.25 419.40
354.37 419.41
381.59 419.37
408.72 419.45
436.29 419.40
463.37 419.42
490.63 419.50
517.88 419.53
545.39 419.42
572.55 419.51
599.83 419.61
627.24 419.36
654.42 419.41
681.66 419.50
708.74 419.56
736.20 419.41
763.41 419.56
790.64 419.64
817.82 419.67
845.23 419.69
872.58 419.51
163.06 446.55
191.06 447.03
218.05 447.34
245.59 447.24
272.75 447.14
299.88 447.22
327.28 447.11
354.45 447.11
381.72 447.11
408.89 447.22
436.36 447.10
463.57 447.13
490.84 447.23
517.90 447.22
545.39 447.17
572.73 447.24
599.88 447.24
627.32 447.17
654.54 447.21
681.72 447.22
708.87 447.21
736.31 447.18
763.48 447.21
790.79 447.39
817.93 447.40
845.25 447.32
872.94 447.39
163.16 473.48
190.90 474.15
218.07 474.33
245.46 474.25
272.66 474.28
299.76 474.33
327.16 474.19
354.40 474.21
381.65 474.30
408.87 474.30
436.27 474.23
463.40 474.21
490.73 474.32
517.82 474.32
545.33 474.28
572.62 474.36
599.72 474.32
627.24 474.30
654.44 474.28
681.67 474.37
708.89 474.37
736.25 474.27
763.41 474.38
790.69 474.41
817.80 474.42
845.34 474.46
872.71 474.39
136.20 501.13
163.78 501.23
190.87 501.35
218.02 501.47
245.37 501.27
272.54 501.32
299.69 501.37
327.15 501.29
354.28 501.34
381.62 501.39
408.75 501.41
436.23 501.33
463.44 501.42
490.65 501.48
517.85 501.52
545.40 501.45
572.49 501.51
599.70 501.50
627.22 501.38
654.36 501.49
681.63 501.53
708.77 501.44
736.29 501.50
763.39 501.49
790.57 501.48
817.80 501.53
845.24 501.44
872.55 501.53
899.89 501.77
135.85 527.99
163.91 528.37
190.83 528.56
218.17 528.59
245.43 528.44
272.61 528.53
299.69 528.61
327.29 528.49
354.43 528.52
381.69 528.57
408.80 528.60
436.35 528.55
463.48 528.57
490.75 528.61
517.93 528.66
545.42 528.64
572.61 528.63
599.78 528.73
627.28 528.58
654.53 528.65
681.75 528.66
708.86 528.72
736.34 528.72
763.44 528.69
790.67 528.66
817.79 528.64
845.38 528.63
872.44 528.69
899.77 528.71
135.86 555.70
163.91 556.17
191.06 556.30
218.04 556.19
245.57 556.25
272.71 556.28
299.83 556.40
327.28 556.29
354.52 556.23
381.76 556.32
408.89 556.34
436.42 556.31
463.58 556.30
490.76 556.34
518.07 556.38
545.43 556.32
572.65 556.35
599.83 556.42
627.33 556.33
654.54 556.35
681.81 556.43
708.93 556.42
736.39 556.42
763.59 556.47
790.70 556.40
817.89 556.31
845.26 556.30
872.53 556.36
899.87 556.56
163.25 582.68
191.00 583.31
218.01 583.36
245.41 583.24
272.58 583.30
299.75 583.37
327.21 583.34
354.41 583.35
381.63 583.41
408.83 583.42
436.35 583.34
463.51 583.40
490.75 583.50
517.90 583.41
545.41 583.37
572.64 583.52
599.78 583.50
627.24 583.36
654.44 583.51
681.68 583.51
708.87 583.48
736.31 583.42
763.35 583.40
790.69 583.51
817.86 583.50
845.19 583.41
872.54 583.43
163.01 609.60
191.06 610.32
217.91 610.46
245.41 610.36
272.69 610.46
299.76 610.52
327.26 610.44
354.43 610.50
381.66 610.54
408.80 610.57
436.41 610.51
463.47 610.47
490.72 610.58
517.97 610.58
545.36 610.51
572.60 610.56
599.84 610.66
627.23 610.59
654.44 610.52
681.60 610.65
708.90 610.69
736.37 610.52
763.38 610.58
790.63 610.48
817.87 610.50
845.11 610.58
872.71 610.43
163.07 637.46
191.18 637.96
218.11 638.25
245.48 638.10
272.76 638.15
300.00 638.26
327.33 638.10
354.56 638.22
381.83 638.27
409.03 638.30
436.40 638.20
463.64 638.24
490.87 638.28
518.06 638.30
545.64 638.26
572.81 638.31
599.96 638.34
627.47 638.26
654.63 638.33
681.83 638.36
709.02 638.31
736.37 638.22
763.52 638.15
790.76 638.19
817.98 638.27
845.32 637.90
872.79 638.24
163.10 664.75
191.03 665.24
218.16 665.33
245.55 665.25
272.59 665.27
299.91 665.25
327.29 665.28
354.43 665.33
381.74 665.44
408.90 665.45
436.36 665.38
463.59 665.36
490.80 665.39
518.12 665.48
545.57 665.40
572.76 665.43
599.98 665.44
627.34 665.33
654.54 665.42
681.74 665.48
708.91 665.46
736.32 665.33
763.57 665.35
790.80 665.45
817.76 665.40
845.46 665.45
872.73 665.57
190.50 692.15
218.17 692.30
245.55 692.41
272.69 692.41
299.83 692.43
327.31 692.32
354.48 692.45
381.64 692.45
408.82 692.53
436.30 692.40
463.44 692.47
490.74 692.55
517.99 692.60
545.43 692.51
572.59 692.49
599.84 692.53
627.29 692.42
654.46 692.53
681.65 692.58
708.79 692.51
736.24 692.43
763.40 692.48
790.74 692.54
817.74 692.55
845.47 692.56
190.10 718.81
218.19 719.65
245.65 719.52
272.70 719.61
299.96 719.64
327.30 719.51
354.49 719.45
381.58 719.52
408.95 719.62
436.34 719.66
463.53 719.70
490.81 719.70
518.00 719.71
545.47 719.64
572.62 719.74
599.79 719.71
627.30 719.58
654.43 719.69
681.55 719.59
708.82 719.69
736.23 719.49
763.53 719.62
790.60 719.63
817.80 719.87
845.61 719.73
217.61 746.69
245.70 747.34
272.87 747.17
300.01 747.34
327.47 747.22
354.66 747.31
381.80 747.25
408.93 747.41
436.46 747.31
463.65 747.34
490.88 747.35
518.17 747.41
545.55 747.32
572.73 747.37
599.88 747.42
627.44 747.34
654.47 747.31
681.70 747.28
708.86 747.37
736.42 747.37
763.48 747.33
790.80 747.48
817.88 747.59
245.22 773.80
272.86 774.49
299.96 774.29
327.50 774.35
354.64 774.45
381.82 774.48
408.92 774.42
436.34 774.32
463.60 774.41
490.78 774.53
518.02 774.49
545.41 774.37
572.63 774.37
599.80 774.39
627.20 774.44
654.47 774.51
681.54 774.46
708.88 774.63
736.32 774.46
763.59 774.49
790.73 774.66
272.43 801.15
299.83 801.55
327.44 801.40
354.55 801.51
381.74 801.61
408.99 801.68
436.38 801.53
463.57 801.58
490.67 801.62
517.89 801.57
545.40 801.54
572.49 801.57
599.62 801.63
627.17 801.52
654.25 801.55
681.64 801.72
708.83 801.67
736.31 801.43
763.51 801.77
299.62 828.38
327.30 828.45
354.58 828.53
381.83 828.69
409.00 828.82
436.56 828.71
463.53 828.68
490.80 828.74
517.88 828.75
545.44 828.71
572.41 828.71
599.63 828.77
627.14 828.62
654.38 828.60
681.55 828.73
708.93 828.68
736.50 828.87
327.21 855.96
354.62 856.40
381.81 856.35
409.06 856.23
436.42 856.21
463.75 856.33
490.89 856.33
518.04 856.45
545.52 856.24
572.67 856.29
599.84 856.28
627.24 856.26
654.61 856.40
681.82 856.54
708.83 856.68
381.25 883.20
409.01 883.69
436.52 883.64
463.65 883.65
490.85 883.60
517.91 883.43
545.51 883.45
572.65 883.68
599.73 883.69
627.29 883.65
654.60 883.59
490.29 910.30
518.04 910.83
545.68 910.76
