486.47 131.64
513.96 131.64
541.34 131.60
376.55 159.17
404.03 159.13
431.53 159.12
458.99 159.15
486.52 159.10
513.93 159.07
541.37 159.06
568.90 159.05
596.39 159.03
623.87 159.02
651.30 158.98
321.65 186.65
349.10 186.64
376.58 186.62
404.05 186.63
431.54 186.60
459.00 186.59
486.57 186.70
513.98 186.56
541.41 186.50
568.92 186.53
596.36 186.50
623.89 186.49
651.31 186.46
678.85 186.43
706.32 186.41
294.23 214.12
321.67 214.10
349.13 214.13
376.59 214.09
404.05 214.05
431.54 214.07
459.03 214.03
486.53 214.03
513.96 214.01
541.38 214.00
568.92 213.99
596.41 213.97
623.89 213.95
651.34 213.92
678.87 213.91
706.31 213.89
733.84 213.86
266.76 241.62
294.24 241.61
321.69 241.59
349.12 241.59
376.59 241.58
404.05 241.53
431.58 241.53
459.04 241.52
486.55 241.52
514.04 241.44
541.38 241.47
568.96 241.43
596.42 241.44
623.89 241.39
651.35 241.38
678.87 241.36
706.34 241.35
733.85 241.32
761.31 241.30
239.24 269.12
266.77 269.08
294.25 269.08
321.74 269.08
349.15 269.07
376.63 269.03
404.09 269.03
431.57 269.02
459.07 268.98
486.58 268.97
514.05 268.96
541.43 268.95
568.97 268.93
596.44 268.92
623.92 268.88
651.37 268.89
678.90 268.85
706.34 268.85
733.85 268.82
761.29 268.78
788.83 268.81
211.82 296.59
239.28 296.59
266.78 296.58
294.30 296.56
321.73 296.54
349.16 296.51
376.67 296.49
404.11 296.47
431.59 296.46
459.08 296.45
486.58 296.41
514.07 296.41
541.44 296.39
569.02 296.41
596.44 296.38
623.94 296.37
651.39 296.33
678.91 296.30
706.39 296.31
733.87 296.28
761.35 296.25
788.79 296.23
816.27 296.20
184.32 324.09
211.81 324.09
239.27 324.06
266.78 324.09
294.26 324.03
321.79 324.00
349.17 324.01
376.65 324.00
404.15 323.98
431.62 323.98
459.11 323.93
486.63 323.94
514.05 323.93
541.46 323.90
569.00 323.88
596.41 323.83
623.94 323.88
651.39 323.84
678.93 323.84
706.36 323.83
733.94 323.66
761.32 323.79
788.81 323.79
816.29 323.74
843.77 323.73
184.36 351.57
211.86 351.58
239.30 351.53
266.84 351.55
294.31 351.49
321.78 351.47
349.17 351.47
376.69 351.45
404.14 351.43
431.63 351.39
459.13 351.42
486.63 351.37
514.10 351.36
541.46 351.34
569.04 351.34
596.46 351.31
623.98 351.30
651.39 351.27
678.96 351.27
706.40 351.24
733.90 351.25
761.34 351.21
788.86 351.19
816.32 351.19
843.76 351.14
156.97 379.07
184.40 379.06
211.84 379.02
239.35 378.99
266.87 379.00
294.32 378.99
321.77 378.98
349.21 378.97
376.70 378.95
404.17 378.91
431.65 378.94
459.12 378.88
486.65 378.88
514.09 378.87
541.49 378.84
569.06 378.84
596.50 378.83
624.00 378.79
651.48 378.71
678.96 378.74
706.44 378.77
733.91 378.72
761.35 378.71
788.87 378.70
816.31 378.69
843.82 378.68
871.27 378.63
156.97 406.59
184.41 406.61
211.88 406.56
239.33 406.58
266.85 406.51
294.36 406.50
321.79 406.43
349.22 406.47
376.71 406.44
404.17 406.45
431.65 406.41
459.19 406.39
486.69 406.37
514.11 406.35
541.55 406.35
569.07 406.31
596.55 406.30
624.01 406.30
651.49 406.29
679.01 406.27
706.43 406.23
733.89 406.26
761.35 406.22
788.87 406.19
816.35 406.18
843.85 406.14
871.29 406.13
156.99 434.04
184.42 434.03
211.88 434.01
239.35 433.99
266.86 434.00
294.35 433.98
321.82 433.92
349.24 433.92
376.74 433.91
404.18 433.89
431.67 433.89
459.18 433.90
486.70 433.84
514.15 433.85
541.56 433.83
569.12 433.79
596.59 433.80
624.05 433.78
651.47 433.74
679.01 433.73
706.46 433.70
733.92 433.71
761.39 433.69
788.88 433.67
816.35 433.64
843.88 433.67
871.31 433.63
157.02 461.53
184.44 461.47
211.91 461.45
239.40 461.44
266.86 461.43
294.40 461.46
321.82 461.40
349.24 461.39
376.76 461.38
404.22 461.36
431.71 461.35
459.22 461.31
486.70 461.31
514.20 461.29
541.59 461.27
569.13 461.24
596.60 461.24
624.06 461.24
651.53 461.21
679.03 461.20
706.54 461.19
733.98 461.20
761.42 461.14
788.92 461.14
816.39 461.14
843.88 461.09
871.36 461.12
129.57 488.97
157.00 488.98
184.46 488.95
211.91 488.94
239.34 488.87
266.87 488.89
294.39 488.89
321.86 488.89
349.27 488.88
376.77 488.83
404.23 488.82
431.68 488.81
459.22 488.81
486.71 488.77
514.17 488.78
541.57 488.76
569.12 488.72
596.59 488.72
624.06 488.71
651.53 488.68
679.03 488.67
706.50 488.67
733.95 488.66
761.44 488.61
788.95 488.58
816.40 488.56
843.87 488.57
871.33 488.53
898.85 488.51
129.54 516.43
157.02 516.41
184.42 516.37
211.91 516.37
239.39 516.35
266.89 516.34
294.40 516.34
321.87 516.34
349.27 516.31
376.76 516.31
404.26 516.26
431.71 516.30
459.26 516.25
486.70 516.24
514.17 516.24
541.61 516.21
569.16 516.20
596.60 516.16
624.10 516.13
651.55 516.14
679.04 516.14
706.55 516.10
733.99 516.10
761.43 516.10
788.94 516.06
816.42 516.08
843.91 516.05
871.36 516.03
898.86 516.01
129.59 543.93
157.04 543.89
184.50 543.87
211.98 543.88
239.41 543.85
266.94 543.84
294.44 543.83
321.90 543.82
349.32 543.79
376.81 543.78
404.26 543.77
431.73 543.75
459.27 543.74
486.76 543.71
514.18 543.71
541.64 543.70
569.18 543.68
596.62 543.67
624.13 543.63
651.58 543.62
679.05 543.60
706.53 543.60
734.02 543.59
761.47 543.57
788.95 543.55
816.41 543.53
843.93 543.48
871.38 543.48
898.89 543.46
157.07 571.38
184.50 571.37
211.98 571.35
239.45 571.35
266.94 571.32
294.45 571.31
321.90 571.29
349.29 571.26
376.82 571.27
404.25 571.26
431.73 571.27
459.28 571.24
486.77 571.20
514.21 571.20
541.64 571.19
569.15 571.16
596.62 571.14
624.15 571.13
651.60 571.12
679.10 571.09
706.61 571.07
734.04 571.06
761.54 571.08
788.95 571.01
816.42 571.01
843.96 571.01
871.37 570.97
157.08 598.88
184.53 598.86
211.98 598.86
239.49 598.81
266.97 598.80
294.46 598.80
321.94 598.79
349.32 598.75
376.84 598.76
404.28 598.74
431.74 598.71
459.29 598.71
486.77 598.71
514.24 598.67
541.67 598.65
569.19 598.66
596.63 598.66
624.16 598.61
651.59 598.60
679.09 598.59
706.59 598.58
734.05 598.55
761.54 598.54
789.01 598.52
816.46 598.47
843.96 598.47
871.39 598.43
157.08 626.39
184.79 626.53
212.03 626.37
239.50 626.33
266.97 626.31
294.52 626.30
321.95 626.29
349.36 626.27
376.86 626.25
404.41 626.20
431.79 626.22
459.29 626.21
486.76 626.19
514.23 626.18
541.68 626.16
569.22 626.15
596.69 626.13
624.18 626.09
651.58 626.15
679.17 626.10
706.58 624.73
734.08 626.03
761.56 626.03
789.00 625.97
816.47 626.00
843.98 625.99
871.37 625.94
157.10 653.84
184.68 653.72
212.01 653.75
239.53 653.78
267.00 653.75
294.51 653.73
321.97 653.73
349.38 653.73
376.87 653.71
404.33 653.70
431.77 653.66
459.31 653.64
486.82 653.67
514.26 653.64
541.72 653.60
569.22 653.59
596.70 653.56
624.20 653.60
651.65 653.55
679.15 653.53
706.60 653.54
734.09 653.49
761.57 653.45
789.01 653.46
816.47 653.43
844.02 653.41
871.45 653.41
184.56 681.28
212.02 681.25
239.52 681.25
267.00 681.24
294.56 681.23
321.98 681.22
349.45 681.27
376.86 681.19
404.37 681.16
431.79 681.15
459.35 681.13
486.81 681.12
514.27 681.24
541.74 681.07
569.24 681.07
596.74 681.06
624.19 681.02
651.68 681.03
679.17 681.01
706.65 681.00
734.09 680.99
761.55 680.97
789.06 680.95
816.50 680.92
844.01 680.90
184.58 708.77
212.06 708.75
239.54 708.73
267.01 708.69
294.53 708.72
322.00 708.68
349.40 708.69
376.88 708.64
404.36 708.65
431.82 708.65
459.35 708.61
486.88 708.61
514.29 708.58
541.75 708.57
569.25 708.55
596.74 708.52
624.23 708.52
651.74 708.54
679.17 708.44
706.66 708.45
734.16 708.46
761.59 708.43
789.06 708.40
816.53 708.37
844.05 708.39
212.08 736.19
239.50 736.25
267.05 736.17
294.57 736.17
322.00 736.15
349.43 736.14
376.95 736.12
404.36 736.11
431.84 736.11
459.39 736.06
486.86 736.06
514.31 736.05
541.77 736.02
569.28 736.00
596.73 736.00
624.24 735.95
651.68 735.94
679.20 735.91
706.76 736.00
734.15 735.90
761.60 735.90
789.08 735.86
816.52 735.85
239.58 763.66
267.08 763.68
294.60 763.65
321.99 763.63
349.44 763.57
376.97 763.57
404.41 763.61
431.87 763.54
459.40 763.58
486.86 763.55
514.36 763.50
541.76 763.48
569.31 763.48
596.78 763.47
624.26 763.45
651.69 763.42
679.22 763.41
706.68 763.39
734.16 763.38
761.65 763.34
789.12 763.32
267.05 791.12
294.57 791.08
322.03 791.10
349.45 791.06
376.96 791.08
404.39 791.04
431.88 791.02
459.40 791.00
486.89 790.99
514.36 790.95
541.77 790.96
569.30 790.97
596.78 790.92
624.27 790.91
651.71 790.92
679.25 790.88
706.66 790.89
734.16 790.84
761.62 790.83
294.64 818.59
322.04 818.58
349.51 818.55
376.99 818.53
404.43 818.53
431.86 818.49
459.41 818.46
486.88 818.47
514.36 818.44
541.82 818.46
569.31 818.42
596.79 818.39
624.27 818.40
651.74 818.39
679.24 818.36
706.71 818.32
734.18 818.32
322.07 846.04
349.53 846.04
377.00 845.98
404.42 845.99
431.88 845.99
459.43 845.96
486.91 845.98
514.39 845.92
541.80 845.92
569.35 845.88
596.81 845.90
624.30 845.89
651.74 845.87
679.27 845.82
706.72 845.84
377.00 873.50
404.46 873.49
431.95 873.46
459.47 873.41
486.91 873.44
514.42 873.40
541.83 873.40
569.37 873.38
596.91 873.73
624.30 873.36
651.74 873.34
486.95 901.03
514.44 901.00
541.84 900.92
