443.94 334.77
470.97 334.82
498.16 334.78
525.81 334.75
553.00 334.75
580.09 334.77
416.81 362.04
443.79 362.13
471.08 362.22
498.13 362.17
525.85 362.18
552.92 362.23
580.19 362.11
607.22 362.03
389.22 389.20
416.74 389.21
443.93 389.28
470.99 389.18
498.19 389.20
525.80 389.17
553.00 389.18
580.04 389.26
607.28 389.22
634.78 389.22
362.04 416.82
389.24 416.75
416.88 416.86
443.89 416.79
471.07 416.87
498.13 416.76
525.84 416.79
552.93 416.85
580.08 416.78
607.14 416.85
634.81 416.76
661.97 416.77
334.80 443.93
362.15 443.79
389.30 443.95
416.84 443.94
444.00 443.99
471.06 443.96
498.19 443.98
525.77 443.96
552.95 443.92
580.00 443.96
607.20 443.95
634.73 443.94
661.86 443.80
689.24 443.93
334.82 470.99
362.21 471.05
389.21 470.98
416.85 471.06
443.95 471.05
471.11 471.12
498.20 471.07
525.83 471.09
552.89 471.10
580.01 471.07
607.18 471.09
634.81 471.01
661.82 471.06
689.23 471.02
334.75 498.21
362.23 498.17
389.22 498.21
416.79 498.15
443.99 498.20
471.08 498.18
498.19 498.20
525.84 498.17
552.90 498.16
580.05 498.20
607.20 498.18
634.82 498.21
661.81 498.17
689.26 498.18
334.76 525.82
362.22 525.86
389.24 525.80
416.79 525.85
443.97 525.76
471.07 525.77
498.17 525.83
525.84 525.83
552.91 525.83
580.04 525.81
607.23 525.87
634.80 525.79
661.81 525.84
689.24 525.81
334.79 553.01
362.19 552.96
389.19 552.99
416.84 552.94
443.94 552.95
471.09 552.90
498.18 552.92
525.83 552.94
552.88 552.88
580.09 552.92
607.20 552.90
634.84 553.00
661.77 552.97
689.21 552.98
334.77 580.08
362.07 580.22
389.26 580.07
416.79 580.05
443.98 580.02
471.04 580.07
498.23 580.01
525.83 580.02
552.96 580.06
580.02 579.98
607.21 580.10
634.73 580.06
661.83 580.21
689.21 580.07
362.02 607.24
389.18 607.26
416.86 607.13
443.91 607.18
471.10 607.16
498.19 607.22
525.87 607.21
552.90 607.15
580.04 607.21
607.16 607.15
634.83 607.23
661.94 607.21
389.25 634.76
416.78 634.79
443.93 634.73
471.02 634.81
498.21 634.83
525.80 634.82
553.03 634.83
580.04 634.75
607.25 634.78
634.78 634.79
416.79 661.98
443.83 661.90
471.03 661.78
498.15 661.80
525.86 661.80
552.91 661.79
580.19 661.87
607.25 661.97
443.94 689.21
470.99 689.22
498.19 689.28
525.81 689.20
553.03 689.21
580.06 689.20
