491.67 136.42
514.46 137.03
543.04 136.39
378.68 161.99
409.04 163.02
434.60 162.36
460.59 165.83
490.87 162.16
514.29 162.77
543.60 163.18
571.65 162.37
598.37 163.85
624.31 161.73
651.51 161.42
326.50 187.19
353.49 187.39
380.01 187.67
408.42 187.41
436.35 188.21
460.29 187.86
491.14 188.20
513.65 186.95
543.09 186.96
572.02 187.13
597.20 187.32
622.50 186.74
650.81 186.64
680.84 185.40
703.22 185.87
299.68 212.54
326.55 211.62
353.90 213.00
380.58 211.90
408.66 211.92
435.63 212.80
460.54 213.45
491.18 213.02
513.42 210.96
542.23 210.95
571.15 212.78
596.06 210.77
624.19 212.56
651.32 209.95
680.58 209.93
703.44 213.83
732.26 211.09
272.28 241.99
299.15 241.34
325.67 241.67
353.73 241.92
379.69 242.19
407.23 242.57
435.29 241.46
459.34 240.63
491.20 240.31
513.46 242.93
542.14 241.61
570.77 242.83
598.47 242.13
623.69 242.31
652.33 241.52
680.70 241.22
703.50 242.44
732.60 241.91
757.34 241.92
245.25 269.15
272.57 269.08
299.13 268.99
325.63 269.54
355.22 268.67
378.58 268.50
407.75 269.12
435.93 268.57
461.64 267.50
492.06 267.24
513.91 269.90
542.44 267.41
570.42 268.59
597.70 267.27
624.08 267.46
651.62 266.71
680.61 268.17
703.42 269.92
731.93 268.52
757.37 269.90
785.48 267.22
215.89 301.18
246.18 300.27
272.52 300.21
299.86 299.17
326.38 298.73
354.48 298.08
379.95 300.35
409.06 299.34
434.67 299.09
459.54 300.94
492.50 298.18
513.93 299.13
542.45 299.79
570.58 298.42
596.00 297.33
623.52 297.39
651.21 297.71
681.07 298.12
704.04 297.28
732.19 296.91
756.52 297.38
783.93 297.41
810.66 298.70
188.70 328.41
216.01 326.34
244.52 327.19
271.60 326.30
299.39 324.43
326.27 324.47
353.50 325.08
378.05 325.34
408.28 324.16
435.53 324.20
459.59 324.52
490.69 323.65
513.50 324.91
542.77 324.49
570.91 325.14
598.14 324.29
623.84 325.28
650.01 323.94
680.51 323.80
702.92 324.22
732.53 324.06
756.15 325.07
786.10 323.83
811.88 324.02
838.80 323.24
188.13 352.31
215.90 350.71
246.06 351.19
271.66 350.97
299.51 349.73
326.45 352.42
353.70 349.30
377.94 349.81
408.86 349.85
434.57 350.64
460.53 349.05
489.34 349.74
513.67 349.78
543.30 350.35
570.83 349.60
598.08 349.61
623.87 349.79
652.54 349.43
678.12 349.27
700.96 348.36
732.77 349.75
755.48 347.44
785.67 349.39
809.48 348.71
837.76 347.64
162.17 377.65
189.06 377.17
216.24 377.68
244.64 377.72
271.29 376.76
298.04 377.27
325.68 376.58
354.23 377.17
379.53 376.96
407.62 376.82
434.69 376.61
461.21 376.66
489.78 375.95
514.05 376.40
542.12 376.10
570.66 376.01
598.34 376.68
621.89 376.41
651.83 376.55
681.09 376.48
703.88 375.49
733.83 375.92
757.87 377.89
785.04 375.11
809.18 374.70
837.14 374.63
864.10 376.45
162.35 402.34
188.48 403.12
215.40 403.11
245.23 403.09
272.49 402.87
298.83 402.90
324.95 402.20
353.21 402.49
379.44 401.39
406.57 401.78
434.86 401.57
460.57 401.04
489.60 401.95
512.67 401.76
542.80 402.15
570.59 403.57
597.58 399.67
621.90 400.80
650.28 401.62
680.37 401.46
702.83 400.10
732.88 400.50
756.18 400.53
785.54 401.82
811.76 401.59
837.99 400.51
866.16 401.75
161.13 430.84
189.01 431.02
216.10 431.17
245.44 430.95
270.88 432.12
297.97 430.97
324.82 431.34
353.66 430.80
380.18 430.47
407.91 430.11
434.68 431.23
460.01 428.78
490.96 429.90
512.82 430.00
541.78 430.67
570.85 429.72
597.61 428.73
623.37 429.10
652.00 430.03
680.42 428.44
703.47 431.81
730.82 428.58
757.02 429.21
786.69 428.94
811.16 429.27
835.54 429.69
865.08 427.63
161.07 458.21
187.67 456.26
216.43 456.16
245.73 456.62
270.95 456.07
298.21 454.78
324.79 455.09
353.87 455.98
378.57 454.13
407.11 455.91
434.77 455.58
461.48 452.85
490.99 454.43
513.42 457.65
541.98 454.98
570.61 453.97
598.03 453.92
623.45 456.01
651.21 454.37
679.43 454.20
703.42 454.57
731.13 454.68
755.21 454.72
785.14 453.68
811.52 454.01
836.41 452.62
863.03 454.39
135.65 486.08
161.91 487.13
190.62 485.63
216.19 487.36
246.35 486.91
272.06 485.63
299.05 484.85
325.81 486.48
353.46 486.27
378.10 487.88
408.77 485.67
435.11 487.02
460.66 485.61
491.91 486.12
513.48 486.96
542.18 485.84
570.57 486.48
598.05 486.02
624.40 486.04
651.45 485.18
680.12 486.07
703.38 486.93
731.97 484.31
758.58 483.57
785.37 484.04
811.82 485.61
835.94 483.68
864.83 484.42
890.92 483.95
134.63 513.77
162.08 513.01
189.06 513.46
215.71 511.32
245.32 511.40
271.97 511.26
297.55 513.08
324.54 512.89
353.94 512.11
378.13 512.68
407.45 511.34
434.58 511.83
461.60 512.71
491.56 512.43
513.44 513.68
541.97 512.42
571.31 512.34
597.41 512.57
623.82 511.64
650.56 510.92
677.97 510.04
702.65 510.61
733.31 513.27
756.82 511.27
785.38 512.66
810.84 511.16
837.90 511.41
864.55 512.02
892.24 511.36
136.17 546.81
160.73 546.93
188.56 545.71
215.85 544.92
244.48 544.64
271.84 545.43
297.60 544.87
324.10 546.13
353.18 544.59
379.17 544.89
406.89 543.76
434.88 544.83
462.41 544.65
491.37 543.25
513.44 544.94
542.20 543.12
570.78 544.59
596.01 544.79
624.04 543.29
653.50 544.38
677.83 546.61
702.90 546.78
731.79 544.75
756.09 543.77
785.23 544.42
812.06 544.56
838.19 544.71
866.74 545.26
890.43 545.03
160.07 575.02
187.59 575.53
216.00 573.28
244.38 574.70
270.49 574.41
298.85 574.76
325.70 575.09
352.02 574.94
378.07 573.87
406.97 572.34
435.62 572.29
461.54 573.75
489.50 573.72
513.24 573.54
543.51 572.52
570.91 574.05
596.36 572.56
622.22 572.30
651.60 573.38
680.16 572.77
703.41 572.05
731.24 572.58
756.41 572.81
786.21 572.61
812.28 572.65
838.48 572.95
864.95 573.57
159.98 597.54
187.08 597.44
215.85 596.79
244.53 598.04
272.01 599.61
298.01 599.07
324.80 598.51
353.44 598.77
378.23 598.37
407.06 597.83
434.86 599.06
458.54 598.37
490.80 597.85
513.53 597.99
541.52 597.88
570.47 598.12
597.77 596.77
620.89 599.30
651.52 600.59
678.73 598.25
701.57 597.83
732.43 598.27
755.99 596.59
786.78 595.61
812.48 598.37
838.30 597.84
863.12 599.28
160.74 627.08
188.03 626.54
215.27 626.07
243.62 626.24
271.30 627.01
297.99 627.34
325.12 626.86
354.59 627.45
378.49 626.22
407.31 627.24
434.87 627.46
461.30 626.35
490.54 625.90
513.50 626.03
542.55 626.70
570.66 626.80
597.30 626.77
624.48 626.16
651.83 626.39
679.82 625.70
703.68 625.64
731.34 625.37
756.60 625.88
784.91 624.02
811.29 624.22
836.91 624.68
864.22 624.60
160.18 656.10
189.76 654.45
214.11 654.93
243.64 654.62
270.97 653.42
298.44 654.13
325.76 654.38
351.86 652.73
379.12 653.16
407.40 653.30
435.28 652.67
460.49 652.73
491.22 653.18
513.44 652.97
542.12 652.68
570.43 652.80
597.70 652.38
624.26 651.76
650.38 652.97
678.99 652.92
701.53 654.21
732.07 651.60
756.45 651.33
784.97 652.49
812.04 652.01
838.69 650.50
866.84 650.41
187.56 680.31
215.94 680.12
244.46 681.00
271.51 680.41
298.57 680.37
324.41 679.37
353.87 680.01
379.64 679.55
407.01 679.82
435.78 679.31
460.20 680.35
490.38 680.07
513.41 680.98
541.53 680.51
570.20 680.19
596.18 679.42
623.29 680.56
650.60 679.34
678.91 676.05
701.87 678.81
729.97 679.73
755.54 680.63
784.71 681.01
812.33 680.95
837.80 679.26
187.16 705.27
215.38 704.47
244.29 705.18
271.01 704.62
297.08 705.33
324.20 703.05
352.14 704.69
378.53 704.90
407.00 703.80
434.78 703.43
460.10 705.30
489.39 705.26
513.49 705.36
541.98 705.29
570.08 705.28
596.01 705.22
622.86 703.91
650.86 702.80
677.85 704.23
701.41 703.37
730.60 704.73
757.70 705.32
786.96 705.79
812.94 705.34
837.48 703.07
215.24 735.14
244.30 735.26
271.13 736.40
298.29 736.01
325.54 735.35
351.08 734.98
378.58 734.53
406.80 733.46
434.88 733.40
459.72 736.72
490.87 735.01
512.89 735.04
539.94 735.38
570.34 736.42
595.47 734.10
623.55 736.12
651.57 735.85
677.19 733.46
701.42 737.38
732.64 734.36
756.17 736.08
785.44 735.26
811.38 734.54
244.07 760.73
270.53 761.95
297.83 760.74
323.83 761.44
353.86 760.47
378.00 761.63
407.02 760.06
434.31 761.10
461.21 760.87
490.77 760.14
512.88 759.85
540.08 759.32
570.08 760.25
595.54 760.20
624.17 760.30
649.46 759.36
678.81 759.39
702.81 760.81
730.76 760.11
757.83 760.25
785.99 758.77
270.69 793.25
297.97 793.19
324.11 793.78
353.05 793.32
378.57 792.63
406.56 793.56
434.29 791.80
460.89 793.07
491.21 792.79
512.91 790.08
541.95 792.47
570.07 792.99
595.42 792.88
623.55 791.49
650.79 791.32
677.71 791.50
700.75 791.40
732.48 793.79
756.29 791.49
297.81 817.16
324.26 817.65
354.55 817.70
377.91 818.20
407.09 817.90
434.60 818.29
460.16 817.99
489.28 816.52
511.99 815.52
540.75 817.47
570.17 817.68
595.04 816.07
622.17 817.46
649.50 817.56
678.29 817.69
703.82 818.92
731.20 817.16
323.03 845.12
351.31 844.47
379.26 843.17
405.91 845.01
434.50 843.75
460.61 844.40
490.63 843.50
513.42 844.06
540.86 843.44
570.57 844.26
595.97 843.90
621.55 842.73
649.92 842.45
678.98 842.99
703.40 843.92
377.91 870.71
406.98 868.92
434.36 869.35
459.67 869.04
489.57 869.44
511.73 868.00
541.11 869.53
569.92 868.78
595.27 869.31
623.80 869.19
651.22 868.79
489.25 894.36
511.97 895.87
541.10 893.81
