5.051818181818181870e+02 1.356363636363636260e+02
5.324545454545454959e+02 1.356363636363636260e+02
5.597272727272727479e+02 1.356363636363636260e+02
3.960909090909091219e+02 1.629090909090909065e+02
4.233636363636363740e+02 1.629090909090909065e+02
4.506363636363636260e+02 1.629090909090909065e+02
4.779090909090908781e+02 1.629090909090909065e+02
5.051818181818181870e+02 1.629090909090909065e+02
5.324545454545454959e+02 1.629090909090909065e+02
5.597272727272727479e+02 1.629090909090909065e+02
5.870000000000000000e+02 1.629090909090909065e+02
6.142727272727272521e+02 1.629090909090909065e+02
6.415454545454545041e+02 1.629090909090909065e+02
6.688181818181818699e+02 1.629090909090909065e+02
3.415454545454545041e+02 1.901818181818181870e+02
3.688181818181818130e+02 1.901818181818181870e+02
3.960909090909091219e+02 1.901818181818181870e+02
4.233636363636363740e+02 1.901818181818181870e+02
4.506363636363636260e+02 1.901818181818181870e+02
4.779090909090908781e+02 1.901818181818181870e+02
5.051818181818181870e+02 1.901818181818181870e+02
5.324545454545454959e+02 1.901818181818181870e+02
5.597272727272727479e+02 1.901818181818181870e+02
5.870000000000000000e+02 1.901818181818181870e+02
6.142727272727272521e+02 1.901818181818181870e+02
6.415454545454545041e+02 1.901818181818181870e+02
6.688181818181818699e+02 1.901818181818181870e+02
6.960909090909091219e+02 1.901818181818181870e+02
7.233636363636363740e+02 1.901818181818181870e+02
3.142727272727272521e+02 2.174545454545454390e+02
3.415454545454545041e+02 2.174545454545454390e+02
3.688181818181818130e+02 2.174545454545454390e+02
3.960909090909091219e+02 2.174545454545454390e+02
4.233636363636363740e+02 2.174545454545454390e+02
4.506363636363636260e+02 2.174545454545454390e+02
4.779090909090908781e+02 2.174545454545454390e+02
5.051818181818181870e+02 2.174545454545454390e+02
5.324545454545454959e+02 2.174545454545454390e+02
5.597272727272727479e+02 2.174545454545454390e+02
5.870000000000000000e+02 2.174545454545454390e+02
6.142727272727272521e+02 2.174545454545454390e+02
6.415454545454545041e+02 2.174545454545454390e+02
6.688181818181818699e+02 2.174545454545454390e+02
6.960909090909091219e+02 2.174545454545454390e+02
7.233636363636363740e+02 2.174545454545454390e+02
7.506363636363636260e+02 2.174545454545454390e+02
2.870000000000000000e+02 2.447272727272727479e+02
3.142727272727272521e+02 2.447272727272727479e+02
3.415454545454545041e+02 2.447272727272727479e+02
3.688181818181818130e+02 2.447272727272727479e+02
3.960909090909091219e+02 2.447272727272727479e+02
4.233636363636363740e+02 2.447272727272727479e+02
4.506363636363636260e+02 2.447272727272727479e+02
4.779090909090908781e+02 2.447272727272727479e+02
5.051818181818181870e+02 2.447272727272727479e+02
5.324545454545454959e+02 2.447272727272727479e+02
5.597272727272727479e+02 2.447272727272727479e+02
5.870000000000000000e+02 2.447272727272727479e+02
6.142727272727272521e+02 2.447272727272727479e+02
6.415454545454545041e+02 2.447272727272727479e+02
6.688181818181818699e+02 2.447272727272727479e+02
6.960909090909091219e+02 2.447272727272727479e+02
7.233636363636363740e+02 2.447272727272727479e+02
7.506363636363636260e+02 2.447272727272727479e+02
7.779090909090908781e+02 2.447272727272727479e+02
2.597272727272727479e+02 2.720000000000000000e+02
2.870000000000000000e+02 2.720000000000000000e+02
3.142727272727272521e+02 2.720000000000000000e+02
3.415454545454545041e+02 2.720000000000000000e+02
3.688181818181818130e+02 2.720000000000000000e+02
3.960909090909091219e+02 2.720000000000000000e+02
4.233636363636363740e+02 2.720000000000000000e+02
4.506363636363636260e+02 2.720000000000000000e+02
4.779090909090908781e+02 2.720000000000000000e+02
5.051818181818181870e+02 2.720000000000000000e+02
5.324545454545454959e+02 2.720000000000000000e+02
5.597272727272727479e+02 2.720000000000000000e+02
5.870000000000000000e+02 2.720000000000000000e+02
6.142727272727272521e+02 2.720000000000000000e+02
6.415454545454545041e+02 2.720000000000000000e+02
6.688181818181818699e+02 2.720000000000000000e+02
6.960909090909091219e+02 2.720000000000000000e+02
7.233636363636363740e+02 2.720000000000000000e+02
7.506363636363636260e+02 2.720000000000000000e+02
7.779090909090908781e+02 2.720000000000000000e+02
8.051818181818181301e+02 2.720000000000000000e+02
2.324545454545454390e+02 2.992727272727272521e+02
2.597272727272727479e+02 2.992727272727272521e+02
2.870000000000000000e+02 2.992727272727272521e+02
3.142727272727272521e+02 2.992727272727272521e+02
3.415454545454545041e+02 2.992727272727272521e+02
3.688181818181818130e+02 2.992727272727272521e+02
3.960909090909091219e+02 2.992727272727272521e+02
4.233636363636363740e+02 2.992727272727272521e+02
4.506363636363636260e+02 2.992727272727272521e+02
4.779090909090908781e+02 2.992727272727272521e+02
5.051818181818181870e+02 2.992727272727272521e+02
5.324545454545454959e+02 2.992727272727272521e+02
5.597272727272727479e+02 2.992727272727272521e+02
5.870000000000000000e+02 2.992727272727272521e+02
6.142727272727272521e+02 2.992727272727272521e+02
6.415454545454545041e+02 2.992727272727272521e+02
6.688181818181818699e+02 2.992727272727272521e+02
6.960909090909091219e+02 2.992727272727272521e+02
7.233636363636363740e+02 2.992727272727272521e+02
7.506363636363636260e+02 2.992727272727272521e+02
7.779090909090908781e+02 2.992727272727272521e+02
8.051818181818181301e+02 2.992727272727272521e+02
8.324545454545454959e+02 2.992727272727272521e+02
2.051818181818181870e+02 3.265454545454545041e+02
2.324545454545454390e+02 3.265454545454545041e+02
2.597272727272727479e+02 3.265454545454545041e+02
2.870000000000000000e+02 3.265454545454545041e+02
3.142727272727272521e+02 3.265454545454545041e+02
3.415454545454545041e+02 3.265454545454545041e+02
3.688181818181818130e+02 3.265454545454545041e+02
3.960909090909091219e+02 3.265454545454545041e+02
4.233636363636363740e+02 3.265454545454545041e+02
4.506363636363636260e+02 3.265454545454545041e+02
4.779090909090908781e+02 3.265454545454545041e+02
5.051818181818181870e+02 3.265454545454545041e+02
5.324545454545454959e+02 3.265454545454545041e+02
5.597272727272727479e+02 3.265454545454545041e+02
5.870000000000000000e+02 3.265454545454545041e+02
6.142727272727272521e+02 3.265454545454545041e+02
6.415454545454545041e+02 3.265454545454545041e+02
6.688181818181818699e+02 3.265454545454545041e+02
6.960909090909091219e+02 3.265454545454545041e+02
7.233636363636363740e+02 3.265454545454545041e+02
7.506363636363636260e+02 3.265454545454545041e+02
7.779090909090908781e+02 3.265454545454545041e+02
8.051818181818181301e+02 3.265454545454545041e+02
8.324545454545454959e+02 3.265454545454545041e+02
8.597272727272727479e+02 3.265454545454545041e+02
2.051818181818181870e+02 3.538181818181818130e+02
2.324545454545454390e+02 3.538181818181818130e+02
2.597272727272727479e+02 3.538181818181818130e+02
2.870000000000000000e+02 3.538181818181818130e+02
3.142727272727272521e+02 3.538181818181818130e+02
3.415454545454545041e+02 3.538181818181818130e+02
3.688181818181818130e+02 3.538181818181818130e+02
3.960909090909091219e+02 3.538181818181818130e+02
4.233636363636363740e+02 3.538181818181818130e+02
4.506363636363636260e+02 3.538181818181818130e+02
4.779090909090908781e+02 3.538181818181818130e+02
5.051818181818181870e+02 3.538181818181818130e+02
5.324545454545454959e+02 3.538181818181818130e+02
5.597272727272727479e+02 3.538181818181818130e+02
5.870000000000000000e+02 3.538181818181818130e+02
6.142727272727272521e+02 3.538181818181818130e+02
6.415454545454545041e+02 3.538181818181818130e+02
6.688181818181818699e+02 3.538181818181818130e+02
6.960909090909091219e+02 3.538181818181818130e+02
7.233636363636363740e+02 3.538181818181818130e+02
7.506363636363636260e+02 3.538181818181818130e+02
7.779090909090908781e+02 3.538181818181818130e+02
8.051818181818181301e+02 3.538181818181818130e+02
8.324545454545454959e+02 3.538181818181818130e+02
8.597272727272727479e+02 3.538181818181818130e+02
1.779090909090909065e+02 3.810909090909091219e+02
2.051818181818181870e+02 3.810909090909091219e+02
2.324545454545454390e+02 3.810909090909091219e+02
2.597272727272727479e+02 3.810909090909091219e+02
2.870000000000000000e+02 3.810909090909091219e+02
3.142727272727272521e+02 3.810909090909091219e+02
3.415454545454545041e+02 3.810909090909091219e+02
3.688181818181818130e+02 3.810909090909091219e+02
3.960909090909091219e+02 3.810909090909091219e+02
4.233636363636363740e+02 3.810909090909091219e+02
4.506363636363636260e+02 3.810909090909091219e+02
4.779090909090908781e+02 3.810909090909091219e+02
5.051818181818181870e+02 3.810909090909091219e+02
5.324545454545454959e+02 3.810909090909091219e+02
5.597272727272727479e+02 3.810909090909091219e+02
5.870000000000000000e+02 3.810909090909091219e+02
6.142727272727272521e+02 3.810909090909091219e+02
6.415454545454545041e+02 3.810909090909091219e+02
6.688181818181818699e+02 3.810909090909091219e+02
6.960909090909091219e+02 3.810909090909091219e+02
7.233636363636363740e+02 3.810909090909091219e+02
7.506363636363636260e+02 3.810909090909091219e+02
7.779090909090908781e+02 3.810909090909091219e+02
8.051818181818181301e+02 3.810909090909091219e+02
8.324545454545454959e+02 3.810909090909091219e+02
8.597272727272727479e+02 3.810909090909091219e+02
8.870000000000000000e+02 3.810909090909091219e+02
1.779090909090909065e+02 4.083636363636363740e+02
2.051818181818181870e+02 4.083636363636363740e+02
2.324545454545454390e+02 4.083636363636363740e+02
2.597272727272727479e+02 4.083636363636363740e+02
2.870000000000000000e+02 4.083636363636363740e+02
3.142727272727272521e+02 4.083636363636363740e+02
3.415454545454545041e+02 4.083636363636363740e+02
3.688181818181818130e+02 4.083636363636363740e+02
3.960909090909091219e+02 4.083636363636363740e+02
4.233636363636363740e+02 4.083636363636363740e+02
4.506363636363636260e+02 4.083636363636363740e+02
4.779090909090908781e+02 4.083636363636363740e+02
5.051818181818181870e+02 4.083636363636363740e+02
5.324545454545454959e+02 4.083636363636363740e+02
5.597272727272727479e+02 4.083636363636363740e+02
5.870000000000000000e+02 4.083636363636363740e+02
6.142727272727272521e+02 4.083636363636363740e+02
6.415454545454545041e+02 4.083636363636363740e+02
6.688181818181818699e+02 4.083636363636363740e+02
6.960909090909091219e+02 4.083636363636363740e+02
7.233636363636363740e+02 4.083636363636363740e+02
7.506363636363636260e+02 4.083636363636363740e+02
7.779090909090908781e+02 4.083636363636363740e+02
8.051818181818181301e+02 4.083636363636363740e+02
8.324545454545454959e+02 4.083636363636363740e+02
8.597272727272727479e+02 4.083636363636363740e+02
8.870000000000000000e+02 4.083636363636363740e+02
1.779090909090909065e+02 4.356363636363636260e+02
2.051818181818181870e+02 4.356363636363636260e+02
2.324545454545454390e+02 4.356363636363636260e+02
2.597272727272727479e+02 4.356363636363636260e+02
2.870000000000000000e+02 4.356363636363636260e+02
3.142727272727272521e+02 4.356363636363636260e+02
3.415454545454545041e+02 4.356363636363636260e+02
3.688181818181818130e+02 4.356363636363636260e+02
3.960909090909091219e+02 4.356363636363636260e+02
4.233636363636363740e+02 4.356363636363636260e+02
4.506363636363636260e+02 4.356363636363636260e+02
4.779090909090908781e+02 4.356363636363636260e+02
5.051818181818181870e+02 4.356363636363636260e+02
5.324545454545454959e+02 4.356363636363636260e+02
5.597272727272727479e+02 4.356363636363636260e+02
5.870000000000000000e+02 4.356363636363636260e+02
6.142727272727272521e+02 4.356363636363636260e+02
6.415454545454545041e+02 4.356363636363636260e+02
6.688181818181818699e+02 4.356363636363636260e+02
6.960909090909091219e+02 4.356363636363636260e+02
7.233636363636363740e+02 4.356363636363636260e+02
7.506363636363636260e+02 4.356363636363636260e+02
7.779090909090908781e+02 4.356363636363636260e+02
8.051818181818181301e+02 4.356363636363636260e+02
8.324545454545454959e+02 4.356363636363636260e+02
8.597272727272727479e+02 4.356363636363636260e+02
8.870000000000000000e+02 4.356363636363636260e+02
1.779090909090909065e+02 4.629090909090908781e+02
2.051818181818181870e+02 4.629090909090908781e+02
2.324545454545454390e+02 4.629090909090908781e+02
2.597272727272727479e+02 4.629090909090908781e+02
2.870000000000000000e+02 4.629090909090908781e+02
3.142727272727272521e+02 4.629090909090908781e+02
3.415454545454545041e+02 4.629090909090908781e+02
3.688181818181818130e+02 4.629090909090908781e+02
3.960909090909091219e+02 4.629090909090908781e+02
4.233636363636363740e+02 4.629090909090908781e+02
4.506363636363636260e+02 4.629090909090908781e+02
4.779090909090908781e+02 4.629090909090908781e+02
5.051818181818181870e+02 4.629090909090908781e+02
5.324545454545454959e+02 4.629090909090908781e+02
5.597272727272727479e+02 4.629090909090908781e+02
5.870000000000000000e+02 4.629090909090908781e+02
6.142727272727272521e+02 4.629090909090908781e+02
6.415454545454545041e+02 4.629090909090908781e+02
6.688181818181818699e+02 4.629090909090908781e+02
6.960909090909091219e+02 4.629090909090908781e+02
7.233636363636363740e+02 4.629090909090908781e+02
7.506363636363636260e+02 4.629090909090908781e+02
7.779090909090908781e+02 4.629090909090908781e+02
8.051818181818181301e+02 4.629090909090908781e+02
8.324545454545454959e+02 4.629090909090908781e+02
8.597272727272727479e+02 4.629090909090908781e+02
8.870000000000000000e+02 4.629090909090908781e+02
1.506363636363636260e+02 4.901818181818181870e+02
1.779090909090909065e+02 4.901818181818181870e+02
2.051818181818181870e+02 4.901818181818181870e+02
2.324545454545454390e+02 4.901818181818181870e+02
2.597272727272727479e+02 4.901818181818181870e+02
2.870000000000000000e+02 4.901818181818181870e+02
3.142727272727272521e+02 4.901818181818181870e+02
3.415454545454545041e+02 4.901818181818181870e+02
3.688181818181818130e+02 4.901818181818181870e+02
3.960909090909091219e+02 4.901818181818181870e+02
4.233636363636363740e+02 4.901818181818181870e+02
4.506363636363636260e+02 4.901818181818181870e+02
4.779090909090908781e+02 4.901818181818181870e+02
5.051818181818181870e+02 4.901818181818181870e+02
5.324545454545454959e+02 4.901818181818181870e+02
5.597272727272727479e+02 4.901818181818181870e+02
5.870000000000000000e+02 4.901818181818181870e+02
6.142727272727272521e+02 4.901818181818181870e+02
6.415454545454545041e+02 4.901818181818181870e+02
6.688181818181818699e+02 4.901818181818181870e+02
6.960909090909091219e+02 4.901818181818181870e+02
7.233636363636363740e+02 4.901818181818181870e+02
7.506363636363636260e+02 4.901818181818181870e+02
7.779090909090908781e+02 4.901818181818181870e+02
8.051818181818181301e+02 4.901818181818181870e+02
8.324545454545454959e+02 4.901818181818181870e+02
8.597272727272727479e+02 4.901818181818181870e+02
8.870000000000000000e+02 4.901818181818181870e+02
9.142727272727272521e+02 4.901818181818181870e+02
1.506363636363636260e+02 5.174545454545454959e+02
1.779090909090909065e+02 5.174545454545454959e+02
2.051818181818181870e+02 5.174545454545454959e+02
2.324545454545454390e+02 5.174545454545454959e+02
2.597272727272727479e+02 5.174545454545454959e+02
2.870000000000000000e+02 5.174545454545454959e+02
3.142727272727272521e+02 5.174545454545454959e+02
3.415454545454545041e+02 5.174545454545454959e+02
3.688181818181818130e+02 5.174545454545454959e+02
3.960909090909091219e+02 5.174545454545454959e+02
4.233636363636363740e+02 5.174545454545454959e+02
4.506363636363636260e+02 5.174545454545454959e+02
4.779090909090908781e+02 5.174545454545454959e+02
5.051818181818181870e+02 5.174545454545454959e+02
5.324545454545454959e+02 5.174545454545454959e+02
5.597272727272727479e+02 5.174545454545454959e+02
5.870000000000000000e+02 5.174545454545454959e+02
6.142727272727272521e+02 5.174545454545454959e+02
6.415454545454545041e+02 5.174545454545454959e+02
6.688181818181818699e+02 5.174545454545454959e+02
6.960909090909091219e+02 5.174545454545454959e+02
7.233636363636363740e+02 5.174545454545454959e+02
7.506363636363636260e+02 5.174545454545454959e+02
7.779090909090908781e+02 5.174545454545454959e+02
8.051818181818181301e+02 5.174545454545454959e+02
8.324545454545454959e+02 5.174545454545454959e+02
8.597272727272727479e+02 5.174545454545454959e+02
8.870000000000000000e+02 5.174545454545454959e+02
9.142727272727272521e+02 5.174545454545454959e+02
1.506363636363636260e+02 5.447272727272727479e+02
1.779090909090909065e+02 5.447272727272727479e+02
2.051818181818181870e+02 5.447272727272727479e+02
2.324545454545454390e+02 5.447272727272727479e+02
2.597272727272727479e+02 5.447272727272727479e+02
2.870000000000000000e+02 5.447272727272727479e+02
3.142727272727272521e+02 5.447272727272727479e+02
3.415454545454545041e+02 5.447272727272727479e+02
3.688181818181818130e+02 5.447272727272727479e+02
3.960909090909091219e+02 5.447272727272727479e+02
4.233636363636363740e+02 5.447272727272727479e+02
4.506363636363636260e+02 5.447272727272727479e+02
4.779090909090908781e+02 5.447272727272727479e+02
5.051818181818181870e+02 5.447272727272727479e+02
5.324545454545454959e+02 5.447272727272727479e+02
5.597272727272727479e+02 5.447272727272727479e+02
5.870000000000000000e+02 5.447272727272727479e+02
6.142727272727272521e+02 5.447272727272727479e+02
6.415454545454545041e+02 5.447272727272727479e+02
6.688181818181818699e+02 5.447272727272727479e+02
6.960909090909091219e+02 5.447272727272727479e+02
7.233636363636363740e+02 5.447272727272727479e+02
7.506363636363636260e+02 5.447272727272727479e+02
7.779090909090908781e+02 5.447272727272727479e+02
8.051818181818181301e+02 5.447272727272727479e+02
8.324545454545454959e+02 5.447272727272727479e+02
8.597272727272727479e+02 5.447272727272727479e+02
8.870000000000000000e+02 5.447272727272727479e+02
9.142727272727272521e+02 5.447272727272727479e+02
1.779090909090909065e+02 5.720000000000000000e+02
2.051818181818181870e+02 5.720000000000000000e+02
2.324545454545454390e+02 5.720000000000000000e+02
2.597272727272727479e+02 5.720000000000000000e+02
2.870000000000000000e+02 5.720000000000000000e+02
3.142727272727272521e+02 5.720000000000000000e+02
3.415454545454545041e+02 5.720000000000000000e+02
3.688181818181818130e+02 5.720000000000000000e+02
3.960909090909091219e+02 5.720000000000000000e+02
4.233636363636363740e+02 5.720000000000000000e+02
4.506363636363636260e+02 5.720000000000000000e+02
4.779090909090908781e+02 5.720000000000000000e+02
5.051818181818181870e+02 5.720000000000000000e+02
5.324545454545454959e+02 5.720000000000000000e+02
5.597272727272727479e+02 5.720000000000000000e+02
5.870000000000000000e+02 5.720000000000000000e+02
6.142727272727272521e+02 5.720000000000000000e+02
6.415454545454545041e+02 5.720000000000000000e+02
6.688181818181818699e+02 5.720000000000000000e+02
6.960909090909091219e+02 5.720000000000000000e+02
7.233636363636363740e+02 5.720000000000000000e+02
7.506363636363636260e+02 5.720000000000000000e+02
7.779090909090908781e+02 5.720000000000000000e+02
8.051818181818181301e+02 5.720000000000000000e+02
8.324545454545454959e+02 5.720000000000000000e+02
8.597272727272727479e+02 5.720000000000000000e+02
8.870000000000000000e+02 5.720000000000000000e+02
1.779090909090909065e+02 5.992727272727272521e+02
2.051818181818181870e+02 5.992727272727272521e+02
2.324545454545454390e+02 5.992727272727272521e+02
2.597272727272727479e+02 5.992727272727272521e+02
2.870000000000000000e+02 5.992727272727272521e+02
3.142727272727272521e+02 5.992727272727272521e+02
3.415454545454545041e+02 5.992727272727272521e+02
3.688181818181818130e+02 5.992727272727272521e+02
3.960909090909091219e+02 5.992727272727272521e+02
4.233636363636363740e+02 5.992727272727272521e+02
4.506363636363636260e+02 5.992727272727272521e+02
4.779090909090908781e+02 5.992727272727272521e+02
5.051818181818181870e+02 5.992727272727272521e+02
5.324545454545454959e+02 5.992727272727272521e+02
5.597272727272727479e+02 5.992727272727272521e+02
5.870000000000000000e+02 5.992727272727272521e+02
6.142727272727272521e+02 5.992727272727272521e+02
6.415454545454545041e+02 5.992727272727272521e+02
6.688181818181818699e+02 5.992727272727272521e+02
6.960909090909091219e+02 5.992727272727272521e+02
7.233636363636363740e+02 5.992727272727272521e+02
7.506363636363636260e+02 5.992727272727272521e+02
7.779090909090908781e+02 5.992727272727272521e+02
8.051818181818181301e+02 5.992727272727272521e+02
8.324545454545454959e+02 5.992727272727272521e+02
8.597272727272727479e+02 5.992727272727272521e+02
8.870000000000000000e+02 5.992727272727272521e+02
1.779090909090909065e+02 6.265454545454545041e+02
2.051818181818181870e+02 6.265454545454545041e+02
2.324545454545454390e+02 6.265454545454545041e+02
2.597272727272727479e+02 6.265454545454545041e+02
2.870000000000000000e+02 6.265454545454545041e+02
3.142727272727272521e+02 6.265454545454545041e+02
3.415454545454545041e+02 6.265454545454545041e+02
3.688181818181818130e+02 6.265454545454545041e+02
3.960909090909091219e+02 6.265454545454545041e+02
4.233636363636363740e+02 6.265454545454545041e+02
4.506363636363636260e+02 6.265454545454545041e+02
4.779090909090908781e+02 6.265454545454545041e+02
5.051818181818181870e+02 6.265454545454545041e+02
5.324545454545454959e+02 6.265454545454545041e+02
5.597272727272727479e+02 6.265454545454545041e+02
5.870000000000000000e+02 6.265454545454545041e+02
6.142727272727272521e+02 6.265454545454545041e+02
6.415454545454545041e+02 6.265454545454545041e+02
6.688181818181818699e+02 6.265454545454545041e+02
6.960909090909091219e+02 6.265454545454545041e+02
7.233636363636363740e+02 6.265454545454545041e+02
7.506363636363636260e+02 6.265454545454545041e+02
7.779090909090908781e+02 6.265454545454545041e+02
8.051818181818181301e+02 6.265454545454545041e+02
8.324545454545454959e+02 6.265454545454545041e+02
8.597272727272727479e+02 6.265454545454545041e+02
8.870000000000000000e+02 6.265454545454545041e+02
1.779090909090909065e+02 6.538181818181818699e+02
2.051818181818181870e+02 6.538181818181818699e+02
2.324545454545454390e+02 6.538181818181818699e+02
2.597272727272727479e+02 6.538181818181818699e+02
2.870000000000000000e+02 6.538181818181818699e+02
3.142727272727272521e+02 6.538181818181818699e+02
3.415454545454545041e+02 6.538181818181818699e+02
3.688181818181818130e+02 6.538181818181818699e+02
3.960909090909091219e+02 6.538181818181818699e+02
4.233636363636363740e+02 6.538181818181818699e+02
4.506363636363636260e+02 6.538181818181818699e+02
4.779090909090908781e+02 6.538181818181818699e+02
5.051818181818181870e+02 6.538181818181818699e+02
5.324545454545454959e+02 6.538181818181818699e+02
5.597272727272727479e+02 6.538181818181818699e+02
5.870000000000000000e+02 6.538181818181818699e+02
6.142727272727272521e+02 6.538181818181818699e+02
6.415454545454545041e+02 6.538181818181818699e+02
6.688181818181818699e+02 6.538181818181818699e+02
6.960909090909091219e+02 6.538181818181818699e+02
7.233636363636363740e+02 6.538181818181818699e+02
7.506363636363636260e+02 6.538181818181818699e+02
7.779090909090908781e+02 6.538181818181818699e+02
8.051818181818181301e+02 6.538181818181818699e+02
8.324545454545454959e+02 6.538181818181818699e+02
8.597272727272727479e+02 6.538181818181818699e+02
8.870000000000000000e+02 6.538181818181818699e+02
2.051818181818181870e+02 6.810909090909091219e+02
2.324545454545454390e+02 6.810909090909091219e+02
2.597272727272727479e+02 6.810909090909091219e+02
2.870000000000000000e+02 6.810909090909091219e+02
3.142727272727272521e+02 6.810909090909091219e+02
3.415454545454545041e+02 6.810909090909091219e+02
3.688181818181818130e+02 6.810909090909091219e+02
3.960909090909091219e+02 6.810909090909091219e+02
4.233636363636363740e+02 6.810909090909091219e+02
4.506363636363636260e+02 6.810909090909091219e+02
4.779090909090908781e+02 6.810909090909091219e+02
5.051818181818181870e+02 6.810909090909091219e+02
5.324545454545454959e+02 6.810909090909091219e+02
5.597272727272727479e+02 6.810909090909091219e+02
5.870000000000000000e+02 6.810909090909091219e+02
6.142727272727272521e+02 6.810909090909091219e+02
6.415454545454545041e+02 6.810909090909091219e+02
6.688181818181818699e+02 6.810909090909091219e+02
6.960909090909091219e+02 6.810909090909091219e+02
7.233636363636363740e+02 6.810909090909091219e+02
7.506363636363636260e+02 6.810909090909091219e+02
7.779090909090908781e+02 6.810909090909091219e+02
8.051818181818181301e+02 6.810909090909091219e+02
8.324545454545454959e+02 6.810909090909091219e+02
8.597272727272727479e+02 6.810909090909091219e+02
2.051818181818181870e+02 7.083636363636363740e+02
2.324545454545454390e+02 7.083636363636363740e+02
2.597272727272727479e+02 7.083636363636363740e+02
2.870000000000000000e+02 7.083636363636363740e+02
3.142727272727272521e+02 7.083636363636363740e+02
3.415454545454545041e+02 7.083636363636363740e+02
3.688181818181818130e+02 7.083636363636363740e+02
3.960909090909091219e+02 7.083636363636363740e+02
4.233636363636363740e+02 7.083636363636363740e+02
4.506363636363636260e+02 7.083636363636363740e+02
4.779090909090908781e+02 7.083636363636363740e+02
5.051818181818181870e+02 7.083636363636363740e+02
5.324545454545454959e+02 7.083636363636363740e+02
5.597272727272727479e+02 7.083636363636363740e+02
5.870000000000000000e+02 7.083636363636363740e+02
6.142727272727272521e+02 7.083636363636363740e+02
6.415454545454545041e+02 7.083636363636363740e+02
6.688181818181818699e+02 7.083636363636363740e+02
6.960909090909091219e+02 7.083636363636363740e+02
7.233636363636363740e+02 7.083636363636363740e+02
7.506363636363636260e+02 7.083636363636363740e+02
7.779090909090908781e+02 7.083636363636363740e+02
8.051818181818181301e+02 7.083636363636363740e+02
8.324545454545454959e+02 7.083636363636363740e+02
8.597272727272727479e+02 7.083636363636363740e+02
2.324545454545454390e+02 7.356363636363636260e+02
2.597272727272727479e+02 7.356363636363636260e+02
2.870000000000000000e+02 7.356363636363636260e+02
3.142727272727272521e+02 7.356363636363636260e+02
3.415454545454545041e+02 7.356363636363636260e+02
3.688181818181818130e+02 7.356363636363636260e+02
3.960909090909091219e+02 7.356363636363636260e+02
4.233636363636363740e+02 7.356363636363636260e+02
4.506363636363636260e+02 7.356363636363636260e+02
4.779090909090908781e+02 7.356363636363636260e+02
5.051818181818181870e+02 7.356363636363636260e+02
5.324545454545454959e+02 7.356363636363636260e+02
5.597272727272727479e+02 7.356363636363636260e+02
5.870000000000000000e+02 7.356363636363636260e+02
6.142727272727272521e+02 7.356363636363636260e+02
6.415454545454545041e+02 7.356363636363636260e+02
6.688181818181818699e+02 7.356363636363636260e+02
6.960909090909091219e+02 7.356363636363636260e+02
7.233636363636363740e+02 7.356363636363636260e+02
7.506363636363636260e+02 7.356363636363636260e+02
7.779090909090908781e+02 7.356363636363636260e+02
8.051818181818181301e+02 7.356363636363636260e+02
8.324545454545454959e+02 7.356363636363636260e+02
2.597272727272727479e+02 7.629090909090908781e+02
2.870000000000000000e+02 7.629090909090908781e+02
3.142727272727272521e+02 7.629090909090908781e+02
3.415454545454545041e+02 7.629090909090908781e+02
3.688181818181818130e+02 7.629090909090908781e+02
3.960909090909091219e+02 7.629090909090908781e+02
4.233636363636363740e+02 7.629090909090908781e+02
4.506363636363636260e+02 7.629090909090908781e+02
4.779090909090908781e+02 7.629090909090908781e+02
5.051818181818181870e+02 7.629090909090908781e+02
5.324545454545454959e+02 7.629090909090908781e+02
5.597272727272727479e+02 7.629090909090908781e+02
5.870000000000000000e+02 7.629090909090908781e+02
6.142727272727272521e+02 7.629090909090908781e+02
6.415454545454545041e+02 7.629090909090908781e+02
6.688181818181818699e+02 7.629090909090908781e+02
6.960909090909091219e+02 7.629090909090908781e+02
7.233636363636363740e+02 7.629090909090908781e+02
7.506363636363636260e+02 7.629090909090908781e+02
7.779090909090908781e+02 7.629090909090908781e+02
8.051818181818181301e+02 7.629090909090908781e+02
2.870000000000000000e+02 7.901818181818181301e+02
3.142727272727272521e+02 7.901818181818181301e+02
3.415454545454545041e+02 7.901818181818181301e+02
3.688181818181818130e+02 7.901818181818181301e+02
3.960909090909091219e+02 7.901818181818181301e+02
4.233636363636363740e+02 7.901818181818181301e+02
4.506363636363636260e+02 7.901818181818181301e+02
4.779090909090908781e+02 7.901818181818181301e+02
5.051818181818181870e+02 7.901818181818181301e+02
5.324545454545454959e+02 7.901818181818181301e+02
5.597272727272727479e+02 7.901818181818181301e+02
5.870000000000000000e+02 7.901818181818181301e+02
6.142727272727272521e+02 7.901818181818181301e+02
6.415454545454545041e+02 7.901818181818181301e+02
6.688181818181818699e+02 7.901818181818181301e+02
6.960909090909091219e+02 7.901818181818181301e+02
7.233636363636363740e+02 7.901818181818181301e+02
7.506363636363636260e+02 7.901818181818181301e+02
7.779090909090908781e+02 7.901818181818181301e+02
3.142727272727272521e+02 8.174545454545454959e+02
3.415454545454545041e+02 8.174545454545454959e+02
3.688181818181818130e+02 8.174545454545454959e+02
3.960909090909091219e+02 8.174545454545454959e+02
4.233636363636363740e+02 8.174545454545454959e+02
4.506363636363636260e+02 8.174545454545454959e+02
4.779090909090908781e+02 8.174545454545454959e+02
5.051818181818181870e+02 8.174545454545454959e+02
5.324545454545454959e+02 8.174545454545454959e+02
5.597272727272727479e+02 8.174545454545454959e+02
5.870000000000000000e+02 8.174545454545454959e+02
6.142727272727272521e+02 8.174545454545454959e+02
6.415454545454545041e+02 8.174545454545454959e+02
6.688181818181818699e+02 8.174545454545454959e+02
6.960909090909091219e+02 8.174545454545454959e+02
7.233636363636363740e+02 8.174545454545454959e+02
7.506363636363636260e+02 8.174545454545454959e+02
3.415454545454545041e+02 8.447272727272727479e+02
3.688181818181818130e+02 8.447272727272727479e+02
3.960909090909091219e+02 8.447272727272727479e+02
4.233636363636363740e+02 8.447272727272727479e+02
4.506363636363636260e+02 8.447272727272727479e+02
4.779090909090908781e+02 8.447272727272727479e+02
5.051818181818181870e+02 8.447272727272727479e+02
5.324545454545454959e+02 8.447272727272727479e+02
5.597272727272727479e+02 8.447272727272727479e+02
5.870000000000000000e+02 8.447272727272727479e+02
6.142727272727272521e+02 8.447272727272727479e+02
6.415454545454545041e+02 8.447272727272727479e+02
6.688181818181818699e+02 8.447272727272727479e+02
6.960909090909091219e+02 8.447272727272727479e+02
7.233636363636363740e+02 8.447272727272727479e+02
3.960909090909091219e+02 8.720000000000000000e+02
4.233636363636363740e+02 8.720000000000000000e+02
4.506363636363636260e+02 8.720000000000000000e+02
4.779090909090908781e+02 8.720000000000000000e+02
5.051818181818181870e+02 8.720000000000000000e+02
5.324545454545454959e+02 8.720000000000000000e+02
5.597272727272727479e+02 8.720000000000000000e+02
5.870000000000000000e+02 8.720000000000000000e+02
6.142727272727272521e+02 8.720000000000000000e+02
6.415454545454545041e+02 8.720000000000000000e+02
6.688181818181818699e+02 8.720000000000000000e+02
5.051818181818181870e+02 8.992727272727272521e+02
5.324545454545454959e+02 8.992727272727272521e+02
5.597272727272727479e+02 8.992727272727272521e+02
