443.97 334.75
471.01 334.78
498.18 334.76
525.83 334.76
553.03 334.75
580.04 334.77
416.80 362.06
443.79 362.14
471.06 362.22
498.14 362.22
525.84 362.19
552.92 362.20
580.18 362.10
607.23 362.03
389.24 389.24
416.79 389.20
443.94 389.27
471.00 389.20
498.18 389.20
525.79 389.18
553.00 389.18
580.02 389.27
607.27 389.23
634.80 389.23
362.05 416.81
389.21 416.75
416.88 416.89
443.91 416.79
471.08 416.85
498.18 416.81
525.84 416.79
552.93 416.82
580.08 416.80
607.16 416.88
634.81 416.80
661.98 416.77
334.79 443.95
362.13 443.81
389.27 443.94
416.76 443.93
443.94 443.99
471.07 443.95
498.21 443.97
525.79 443.99
552.94 443.98
580.03 443.99
607.19 443.92
634.76 443.97
661.90 443.80
689.23 443.94
334.78 470.99
362.20 471.03
389.16 470.96
416.84 471.07
443.95 471.06
471.11 471.09
498.17 471.10
525.86 471.09
552.88 471.10
580.06 471.09
607.17 471.08
634.82 471.00
661.82 471.07
689.22 470.99
334.77 498.18
362.21 498.18
389.19 498.19
416.78 498.13
443.96 498.19
471.09 498.21
498.18 498.19
525.84 498.15
552.91 498.16
580.06 498.21
607.23 498.16
634.83 498.18
661.81 498.17
689.21 498.19
334.77 525.81
362.20 525.84
389.19 525.77
416.79 525.88
443.97 525.78
471.07 525.81
498.22 525.79
525.82 525.82
552.92 525.79
580.01 525.81
607.25 525.86
634.82 525.83
661.81 525.85
689.21 525.83
334.74 553.00
362.21 552.93
389.22 553.03
416.84 552.90
443.92 552.94
471.09 552.90
498.19 552.94
525.82 552.92
552.91 552.88
580.06 552.91
607.18 552.91
634.83 553.01
661.78 552.92
689.20 553.02
334.78 580.04
362.15 580.19
389.26 580.03
416.82 580.07
443.97 579.99
471.07 580.06
498.21 580.02
525.80 580.04
552.93 580.05
580.04 580.01
607.20 580.06
634.75 580.02
661.85 580.22
689.20 580.06
362.05 607.20
389.21 607.25
416.88 607.15
443.90 607.21
471.06 607.20
498.19 607.21
525.88 607.22
552.93 607.16
580.06 607.20
607.15 607.13
634.82 607.24
661.97 607.21
389.23 634.77
416.74 634.82
443.93 634.73
471.00 634.80
498.23 634.80
525.80 634.79
553.00 634.84
580.08 634.74
607.27 634.77
634.77 634.72
416.76 661.96
443.79 661.89
471.06 661.81
498.16 661.79
525.84 661.80
552.93 661.76
580.19 661.85
607.22 661.93
443.93 689.22
470.99 689.27
498.20 689.28
525.84 689.23
553.04 689.17
580.05 689.21
