486.53 132.00
513.99 132.06
541.34 131.92
376.64 159.41
404.12 159.37
431.60 159.42
459.07 159.41
486.59 159.40
513.99 159.36
541.34 159.32
568.84 159.35
596.35 159.34
623.87 159.31
651.29 159.32
321.80 186.81
349.19 186.79
376.70 186.78
404.11 186.78
431.62 186.78
459.09 186.77
486.66 186.82
513.96 186.77
541.34 186.64
568.88 186.66
596.34 186.71
623.85 186.68
651.29 186.67
678.77 186.62
706.26 186.63
294.34 214.18
321.84 214.22
349.24 214.18
376.65 214.12
404.14 214.14
431.62 214.12
459.06 214.13
486.53 214.09
514.00 214.09
541.39 214.08
568.86 214.07
596.38 214.09
623.83 214.05
651.31 214.04
678.81 213.99
706.25 214.02
733.74 214.00
266.93 241.79
294.39 241.75
321.87 241.71
349.27 241.72
376.71 241.67
404.14 241.70
431.67 241.68
459.08 241.67
486.59 241.67
514.02 241.60
541.39 241.63
568.88 241.58
596.37 241.62
623.86 241.59
651.31 241.55
678.78 241.52
706.25 241.54
733.71 241.50
761.20 241.49
239.45 269.18
266.93 269.14
294.37 269.15
321.90 269.13
349.27 269.10
376.70 269.10
404.13 269.08
431.66 269.09
459.14 269.07
486.60 269.08
514.09 269.07
541.42 269.02
568.93 269.01
596.40 269.00
623.92 268.99
651.30 268.98
678.80 268.95
706.27 268.91
733.74 268.87
761.18 268.90
788.63 268.86
211.97 296.59
239.54 296.64
266.97 296.63
294.42 296.56
321.88 296.57
349.25 296.52
376.73 296.48
404.18 296.50
431.66 296.49
459.15 296.47
486.64 296.43
514.05 296.44
541.40 296.41
568.94 296.43
596.41 296.40
623.86 296.37
651.35 296.37
678.83 296.30
706.28 296.36
733.80 296.30
761.19 296.30
788.60 296.29
816.05 296.30
184.58 324.26
211.90 324.25
239.49 324.25
266.97 324.26
294.36 324.16
321.91 324.15
349.26 324.15
376.71 324.14
404.19 324.12
431.66 324.13
459.15 324.09
486.62 324.12
514.04 324.10
541.41 324.07
568.93 324.06
596.33 324.10
623.90 324.06
651.36 324.05
678.86 324.06
706.32 324.06
733.83 323.87
761.19 324.00
788.60 324.01
816.08 323.89
843.56 323.94
184.58 351.63
211.97 351.59
239.46 351.58
266.96 351.59
294.43 351.52
321.93 351.53
349.27 351.51
376.76 351.46
404.22 351.48
431.67 351.47
459.14 351.46
486.67 351.44
514.11 351.41
541.42 351.37
568.96 351.37
596.42 351.36
623.94 351.30
651.37 351.37
678.84 351.31
706.31 351.32
733.81 351.34
761.21 351.30
788.64 351.26
816.12 351.24
843.58 351.24
157.20 379.11
184.62 379.08
211.97 379.16
239.50 379.08
266.99 379.11
294.43 379.08
321.92 379.07
349.30 379.02
376.77 378.98
404.21 379.04
431.71 379.01
459.20 378.97
486.64 378.99
514.14 378.98
541.43 378.94
569.00 378.92
596.46 378.93
623.94 378.89
651.46 378.82
678.86 378.81
706.36 378.82
733.85 378.83
761.27 378.80
788.71 378.77
816.13 378.75
843.66 378.82
871.07 378.70
157.24 406.61
184.69 406.67
212.03 406.56
239.59 406.61
267.08 406.56
294.44 406.54
321.99 406.47
349.31 406.50
376.84 406.49
404.22 406.50
431.70 406.46
459.27 406.43
486.70 406.42
514.07 406.42
541.49 406.37
568.98 406.37
596.44 406.38
623.99 406.35
651.41 406.34
678.85 406.28
706.36 406.30
733.80 406.29
761.19 406.27
788.68 406.25
816.08 406.25
843.66 406.23
871.04 406.22
157.27 434.16
184.70 434.13
212.00 434.05
239.55 434.08
267.06 434.06
294.49 434.00
321.97 434.02
349.32 433.97
376.84 433.93
404.23 433.97
431.75 433.96
459.22 433.97
486.70 433.88
514.16 433.91
541.50 433.90
569.03 433.90
596.47 433.88
623.99 433.87
651.43 433.82
678.90 433.81
706.38 433.82
733.84 433.76
761.27 433.75
788.74 433.74
816.14 433.71
843.69 433.73
871.09 433.72
157.29 461.49
184.65 461.49
211.96 461.48
239.58 461.48
267.03 461.49
294.51 461.49
321.96 461.42
349.32 461.37
376.85 461.36
404.23 461.38
431.77 461.40
459.23 461.34
486.75 461.34
514.19 461.36
541.55 461.29
569.05 461.26
596.50 461.27
623.98 461.27
651.47 461.24
678.90 461.22
706.39 461.24
733.86 461.22
761.28 461.20
788.71 461.17
816.16 461.17
843.71 461.13
871.15 461.12
130.04 488.93
157.30 488.92
184.72 488.89
212.08 488.88
239.51 488.83
267.07 488.86
294.52 488.84
322.02 488.85
349.36 488.82
376.86 488.81
404.30 488.78
431.72 488.76
459.24 488.81
486.72 488.74
514.16 488.72
541.52 488.76
569.06 488.68
596.46 488.68
624.02 488.66
651.47 488.65
678.93 488.67
706.41 488.61
733.85 488.62
761.27 488.60
788.72 488.56
816.15 488.53
843.70 488.54
871.09 488.50
898.57 488.51
129.94 516.36
157.32 516.31
184.69 516.33
212.03 516.34
239.59 516.28
267.05 516.30
294.55 516.29
322.03 516.29
349.37 516.26
376.91 516.29
404.33 516.22
431.79 516.21
459.32 516.22
486.72 516.18
514.17 516.18
541.55 516.18
569.10 516.17
596.47 516.10
624.00 516.12
651.46 516.07
678.95 516.04
706.43 516.06
733.88 516.05
761.28 516.02
788.71 516.02
816.20 515.96
843.71 516.01
871.15 515.95
898.58 515.93
130.03 543.83
157.30 543.85
184.73 543.82
212.06 543.79
239.60 543.79
267.07 543.74
294.54 543.76
322.05 543.74
349.39 543.70
376.84 543.68
404.27 543.68
431.78 543.66
459.29 543.62
486.76 543.57
514.16 543.55
541.54 543.56
569.06 543.58
596.55 543.51
624.08 543.52
651.48 543.54
678.97 543.55
706.41 543.54
733.92 543.52
761.33 543.50
788.73 543.48
816.17 543.47
843.74 543.43
871.15 543.46
898.59 543.39
157.30 571.38
184.72 571.34
212.09 571.32
239.63 571.32
267.12 571.30
294.58 571.25
322.05 571.26
349.41 571.25
376.87 571.24
404.32 571.21
431.82 571.23
459.31 571.22
486.77 571.19
514.24 571.18
541.58 571.15
569.09 571.17
596.54 571.13
624.08 571.10
651.51 571.09
678.98 571.06
706.49 571.07
733.91 571.03
761.36 571.06
788.76 570.99
816.20 570.99
843.73 570.98
871.17 570.95
157.32 598.82
184.73 598.79
212.08 598.77
239.66 598.73
267.11 598.71
294.58 598.71
322.07 598.71
349.37 598.69
376.90 598.68
404.30 598.67
431.79 598.63
459.33 598.59
486.78 598.61
514.27 598.57
541.61 598.59
569.12 598.61
596.55 598.55
624.13 598.51
651.56 598.53
679.00 598.52
706.44 598.48
733.95 598.49
761.42 598.48
788.76 598.48
816.19 598.42
843.77 598.42
871.20 598.42
157.32 626.42
184.93 626.61
212.12 626.37
239.67 626.32
267.10 626.35
294.59 626.37
322.11 626.29
349.41 626.28
376.92 626.29
404.43 626.22
431.83 626.23
459.36 626.21
486.81 626.23
514.21 626.17
541.61 626.18
569.14 626.17
596.55 626.18
624.11 626.13
651.52 626.21
679.08 626.15
706.23 625.34
733.95 626.10
761.39 626.06
788.79 625.97
816.22 626.02
843.81 626.04
871.18 626.01
157.37 653.83
184.88 653.65
212.11 653.65
239.67 653.72
267.16 653.71
294.59 653.67
322.09 653.68
349.46 653.68
376.93 653.67
404.36 653.66
431.89 653.60
459.37 653.59
486.84 653.60
514.25 653.57
541.66 653.54
569.15 653.52
596.56 653.51
624.13 653.54
651.51 653.48
679.11 653.44
706.44 653.45
733.96 653.46
761.41 653.40
788.81 653.45
816.22 653.40
843.79 653.40
871.22 653.44
184.74 681.17
212.17 681.18
239.63 681.13
267.13 681.10
294.62 681.11
322.06 681.10
349.54 681.15
376.87 681.06
404.39 681.05
431.83 681.06
459.38 681.02
486.84 680.99
514.26 681.07
541.68 680.96
569.22 680.91
596.63 680.96
624.17 680.91
651.57 680.88
679.07 680.92
706.50 680.89
733.97 680.91
761.45 680.87
788.85 680.85
816.25 680.80
843.84 680.79
184.77 708.61
212.13 708.64
239.68 708.56
267.17 708.52
294.63 708.57
322.11 708.52
349.47 708.55
376.99 708.52
404.41 708.50
431.85 708.49
459.40 708.45
486.86 708.43
514.29 708.41
541.66 708.43
569.17 708.40
596.60 708.35
624.18 708.39
651.74 708.39
679.09 708.32
706.51 708.33
734.04 708.33
761.43 708.32
788.89 708.29
816.28 708.25
843.85 708.19
212.14 736.13
239.66 736.09
267.15 736.10
294.64 736.07
322.11 736.04
349.51 736.02
377.00 736.02
404.45 735.96
431.91 735.98
459.44 735.94
486.85 735.92
514.32 735.88
541.68 735.89
569.18 735.89
596.62 735.87
624.20 735.83
651.63 735.78
679.08 735.83
706.65 735.90
734.05 735.77
761.47 735.75
788.84 735.76
816.29 735.76
239.68 763.49
267.21 763.48
294.67 763.48
322.13 763.45
349.49 763.42
376.97 763.42
404.45 763.41
431.91 763.36
459.41 763.38
486.84 763.34
514.32 763.33
541.67 763.34
569.22 763.32
596.63 763.29
624.19 763.28
651.60 763.30
679.07 763.27
706.59 763.20
734.04 763.23
761.50 763.23
788.92 763.21
267.21 790.86
294.68 790.92
322.12 790.88
349.51 790.89
376.99 790.89
404.43 790.82
431.92 790.82
459.42 790.76
486.86 790.75
514.37 790.76
541.71 790.72
569.23 790.73
596.66 790.69
624.24 790.69
651.62 790.66
679.15 790.67
706.59 790.70
734.07 790.64
761.43 790.66
294.64 818.38
322.12 818.35
349.53 818.30
376.99 818.36
404.48 818.31
431.90 818.24
459.42 818.24
486.90 818.26
514.35 818.22
541.73 818.22
569.22 818.17
596.68 818.15
624.22 818.16
651.69 818.16
679.15 818.16
706.58 818.12
734.08 818.14
322.19 845.88
349.59 845.84
377.06 845.85
404.48 845.78
431.94 845.84
459.44 845.80
486.92 845.79
514.39 845.68
541.71 845.73
569.28 845.74
596.71 845.70
624.20 845.66
651.68 845.67
679.15 845.66
706.61 845.65
377.06 873.33
404.49 873.31
431.93 873.32
459.51 873.25
486.92 873.25
514.44 873.26
541.73 873.22
569.30 873.25
596.76 873.39
624.24 873.17
651.65 873.16
486.97 900.77
514.44 900.73
541.73 900.70
