495.55 38.08
540.65 37.85
359.86 83.63
405.19 83.81
450.34 83.47
495.54 84.00
540.84 83.78
586.34 83.87
632.17 84.34
677.97 84.60
268.58 129.43
314.04 129.66
359.54 129.44
404.82 129.22
450.08 129.16
495.45 129.61
541.28 129.84
586.43 129.91
632.29 129.53
678.47 130.02
723.35 130.53
768.08 130.20
223.20 174.42
268.52 174.39
313.94 174.29
359.24 174.29
404.76 174.92
450.16 174.96
495.86 175.05
540.75 174.88
586.31 174.88
632.44 175.41
678.46 174.77
723.17 174.49
767.85 174.82
813.35 175.06
177.73 219.28
223.05 219.46
268.73 219.90
313.77 219.63
359.26 219.76
404.98 219.98
450.20 219.73
495.48 219.85
540.76 220.12
586.22 220.12
632.22 220.12
677.73 219.81
723.20 219.59
768.34 219.74
813.50 220.04
858.53 220.70
177.94 265.68
223.19 265.47
268.08 265.49
313.35 264.89
359.39 265.05
404.99 265.29
450.63 265.43
495.36 265.40
540.70 265.43
586.28 265.38
632.29 265.16
677.55 265.30
723.47 265.94
768.68 265.86
813.55 266.11
858.48 266.41
131.92 311.43
178.07 311.87
223.00 311.64
267.53 311.30
313.55 311.14
359.28 310.51
404.66 310.59
450.12 310.13
495.41 310.93
540.51 311.09
586.11 310.77
632.22 310.62
677.72 311.13
723.25 311.81
768.81 311.38
814.06 311.79
858.69 311.89
904.57 312.50
132.18 356.28
178.06 356.75
222.85 356.67
267.39 356.71
313.13 355.96
358.93 356.21
404.56 355.65
450.49 356.15
495.57 356.30
540.44 356.26
585.63 356.35
632.45 356.31
678.27 356.81
723.30 356.83
768.46 356.89
813.72 356.98
859.17 357.32
904.92 357.33
131.38 401.90
177.92 401.59
223.00 401.72
267.41 402.29
312.85 401.88
358.93 401.62
404.43 401.83
450.44 401.99
495.77 402.00
540.45 402.43
585.53 402.57
632.57 402.85
678.27 402.35
723.24 402.12
768.99 402.48
813.58 402.50
859.35 402.26
905.05 401.75
83.07 447.16
131.24 446.40
177.94 446.64
223.24 447.09
267.09 447.25
312.78 446.84
358.67 447.38
404.54 446.77
450.58 447.00
496.22 447.66
540.85 447.64
585.83 447.55
632.20 447.56
678.03 447.82
723.27 447.63
768.80 447.65
813.59 447.73
859.15 447.64
904.92 447.19
952.42 447.40
82.45 493.04
130.92 493.05
177.59 492.31
222.84 492.03
267.68 492.62
312.76 493.00
358.34 493.07
404.21 492.77
451.13 492.64
496.38 492.93
540.87 493.22
585.94 493.38
631.79 492.92
678.11 492.74
723.30 493.21
768.35 492.49
813.54 492.67
858.87 493.03
905.33 493.02
952.54 493.44
130.05 537.76
177.20 537.73
222.86 537.36
268.57 538.19
313.13 538.40
357.68 538.27
403.66 538.00
450.96 537.36
496.28 538.44
540.54 538.85
585.53 538.08
631.80 537.71
677.60 538.16
722.91 538.34
768.04 538.03
813.35 538.23
858.84 538.26
905.45 537.87
129.58 584.71
176.95 583.76
222.71 583.27
268.98 583.14
313.29 583.27
357.75 583.47
403.29 584.18
450.91 583.78
496.09 582.80
540.42 582.33
585.74 583.43
632.14 583.69
677.82 583.88
722.75 583.66
767.90 583.65
813.31 583.97
858.97 584.15
905.53 584.68
128.93 630.06
176.15 629.36
222.51 628.56
268.57 628.21
313.48 628.42
358.50 629.12
403.79 630.30
449.40 629.58
494.75 627.79
541.07 627.51
586.67 628.66
632.45 629.31
678.22 629.50
723.07 629.20
768.11 629.46
813.70 629.82
859.23 629.82
905.68 629.64
175.12 674.48
222.01 673.72
268.16 673.84
313.43 673.67
359.31 673.76
404.18 674.77
448.35 674.38
493.87 674.78
541.69 674.84
587.21 675.01
632.30 674.60
677.52 674.84
722.79 674.45
768.43 674.39
814.07 674.43
859.42 675.08
174.30 719.76
221.45 719.41
268.58 719.16
313.84 719.54
359.01 719.62
403.92 719.69
448.75 719.99
495.00 720.96
541.01 721.10
587.01 720.68
631.87 720.38
677.12 720.15
722.14 719.90
767.98 719.42
814.09 719.13
860.69 720.38
221.06 765.33
268.66 765.29
314.00 764.99
359.00 764.66
404.24 764.81
449.18 765.17
495.48 765.19
540.59 765.84
586.68 765.85
631.60 765.40
676.47 764.97
722.08 765.08
767.54 765.37
814.33 765.53
267.65 811.45
313.19 810.22
358.53 809.92
404.11 810.20
449.32 809.91
495.27 809.89
541.14 810.07
586.32 810.59
631.43 810.44
676.54 810.16
722.55 810.78
768.34 811.65
358.17 856.79
403.51 856.47
449.19 856.39
495.01 855.80
541.25 856.12
586.19 856.30
631.26 856.46
676.30 856.81
495.04 903.32
540.93 902.89
