495.54 38.39
540.76 38.15
359.83 83.96
405.17 84.10
450.40 83.76
495.52 84.25
540.98 84.09
586.39 84.12
632.17 84.63
677.99 84.80
268.68 129.65
313.98 129.77
359.57 129.56
404.88 129.50
450.13 129.47
495.46 129.84
541.22 130.06
586.37 130.04
632.20 129.78
678.38 130.22
723.44 130.73
768.15 130.41
223.27 174.78
268.68 174.71
313.96 174.57
359.31 174.55
404.78 175.15
450.19 175.17
495.81 175.21
540.85 175.11
586.28 175.20
632.33 175.61
678.40 175.07
723.16 174.85
768.04 175.10
813.39 175.38
177.72 219.57
223.08 219.76
268.77 220.13
313.78 219.93
359.36 220.04
404.90 220.22
450.20 220.02
495.50 220.13
540.73 220.38
586.37 220.48
632.24 220.38
677.86 220.13
723.29 219.90
768.44 220.01
813.51 220.38
858.59 220.98
178.01 265.93
223.21 265.69
268.18 265.75
313.44 265.18
359.41 265.38
404.90 265.55
450.56 265.71
495.42 265.64
540.76 265.68
586.39 265.70
632.30 265.51
677.53 265.55
723.40 266.23
768.79 266.12
813.63 266.36
858.57 266.69
131.98 311.66
178.10 312.02
222.97 311.80
267.72 311.44
313.56 311.38
359.39 310.79
404.67 310.91
450.14 310.56
495.53 311.17
540.56 311.35
586.15 311.05
632.24 310.95
677.74 311.45
723.34 312.02
768.81 311.65
814.05 312.06
858.72 312.09
904.72 312.63
132.13 356.61
178.02 356.96
222.88 356.90
267.58 356.92
313.18 356.25
358.95 356.49
404.56 356.11
450.48 356.50
495.63 356.61
540.54 356.56
585.78 356.68
632.41 356.61
678.26 357.08
723.33 357.08
768.51 357.16
813.88 357.23
859.21 357.56
905.01 357.53
131.45 402.14
177.87 401.92
223.03 401.92
267.51 402.44
313.02 402.17
358.94 401.84
404.46 402.09
450.43 402.16
495.75 402.27
540.57 402.56
585.68 402.74
632.48 403.08
678.23 402.55
723.29 402.44
768.91 402.68
813.70 402.82
859.33 402.56
905.08 402.08
83.42 447.39
131.31 446.76
177.86 446.97
223.13 447.41
267.31 447.49
312.93 447.01
358.76 447.59
404.62 447.03
450.53 447.20
496.16 447.89
540.87 447.82
585.95 447.87
632.20 447.87
677.94 448.07
723.22 447.98
768.89 447.96
813.68 447.93
859.12 447.94
905.01 447.50
952.15 447.69
83.00 493.27
130.93 493.19
177.48 492.62
222.80 492.30
267.78 492.93
312.89 493.17
358.38 493.30
404.25 493.01
451.06 492.89
496.30 493.23
540.87 493.39
586.01 493.53
631.89 493.19
678.01 492.99
723.29 493.49
768.38 492.78
813.66 493.02
858.96 493.32
905.34 493.34
952.27 493.66
130.25 538.04
177.15 538.05
222.95 537.66
268.51 538.46
313.23 538.58
357.89 538.47
403.74 538.29
450.94 537.76
496.21 538.65
540.66 539.03
585.72 538.40
631.89 537.94
677.61 538.43
722.96 538.57
768.10 538.31
813.48 538.58
858.89 538.62
905.44 538.23
129.77 584.86
176.90 584.10
222.79 583.58
268.88 583.45
313.35 583.55
357.97 583.69
403.39 584.36
450.78 584.02
496.06 583.23
540.53 582.78
585.90 583.70
632.16 583.97
677.82 584.10
722.80 583.96
768.00 583.97
813.50 584.28
859.02 584.33
905.53 584.87
129.13 630.18
176.23 629.65
222.57 628.91
268.54 628.48
313.56 628.70
358.61 629.33
403.79 630.50
449.51 629.83
494.86 628.26
541.05 627.90
586.68 628.99
632.40 629.63
678.12 629.81
723.05 629.49
768.15 629.78
813.78 630.05
859.25 630.01
905.54 629.87
175.32 674.74
222.05 674.00
268.18 674.22
313.43 674.01
359.32 674.06
404.20 675.07
448.56 674.63
494.13 675.06
541.53 675.07
587.18 675.23
632.32 674.92
677.56 675.06
722.82 674.72
768.42 674.70
814.02 674.70
859.43 675.27
174.56 719.97
221.60 719.69
268.57 719.52
313.88 719.87
359.05 719.90
403.99 720.04
448.93 720.30
495.10 721.14
540.94 721.23
586.92 720.95
631.86 720.68
677.23 720.37
722.25 720.17
768.03 719.71
814.04 719.57
860.48 720.67
221.21 765.69
268.70 765.52
313.99 765.21
359.05 764.95
404.26 765.08
449.31 765.39
495.46 765.47
540.59 766.03
586.61 766.10
631.65 765.68
676.63 765.26
722.16 765.41
767.62 765.71
814.24 765.85
267.74 811.61
313.26 810.51
358.66 810.33
404.18 810.56
449.33 810.28
495.32 810.26
541.00 810.38
586.20 811.00
631.50 810.79
676.57 810.40
722.58 811.10
768.38 811.89
358.29 857.02
403.58 856.72
449.24 856.63
495.05 856.13
541.08 856.45
586.14 856.64
631.34 856.80
676.43 857.04
495.06 903.49
540.84 903.00
