495.55 38.08
540.65 37.85
359.85 83.63
405.19 83.81
450.36 83.47
495.55 83.98
540.85 83.78
586.34 83.87
632.15 84.32
677.96 84.60
268.58 129.45
314.03 129.69
359.53 129.45
404.81 129.21
450.07 129.16
495.47 129.60
541.29 129.84
586.43 129.91
632.29 129.52
678.48 130.02
723.35 130.53
768.08 130.20
223.20 174.41
268.52 174.39
313.93 174.30
359.22 174.29
404.77 174.93
450.15 174.96
495.86 175.05
540.75 174.88
586.32 174.88
632.45 175.41
678.48 174.78
723.16 174.50
767.85 174.82
813.34 175.06
177.74 219.28
223.06 219.46
268.73 219.91
313.78 219.63
359.26 219.77
404.97 219.97
450.19 219.73
495.47 219.84
540.75 220.10
586.23 220.10
632.22 220.11
677.74 219.81
723.21 219.59
768.33 219.73
813.49 220.04
858.53 220.70
177.96 265.68
223.18 265.46
268.08 265.47
313.36 264.90
359.39 265.05
404.98 265.29
450.62 265.44
495.36 265.39
540.70 265.43
586.29 265.39
632.31 265.15
677.55 265.29
723.45 265.92
768.68 265.85
813.54 266.10
858.48 266.41
131.93 311.43
178.06 311.85
223.00 311.64
267.54 311.29
313.54 311.13
359.28 310.49
404.66 310.57
450.12 310.12
495.41 310.92
540.51 311.09
586.12 310.76
632.22 310.60
677.73 311.13
723.25 311.80
768.81 311.36
814.05 311.77
858.70 311.88
904.57 312.50
132.19 356.29
178.05 356.74
222.86 356.67
267.38 356.70
313.13 355.95
358.92 356.20
404.57 355.63
450.49 356.15
495.57 356.31
540.45 356.26
585.64 356.34
632.45 356.31
678.28 356.81
723.30 356.83
768.47 356.87
813.72 356.96
859.16 357.30
904.92 357.31
131.37 401.90
177.91 401.58
223.00 401.71
267.40 402.28
312.84 401.89
358.93 401.60
404.43 401.83
450.45 401.98
495.77 402.01
540.46 402.42
585.53 402.56
632.57 402.85
678.28 402.34
723.24 402.12
768.99 402.47
813.58 402.50
859.36 402.25
905.04 401.73
83.05 447.16
131.24 446.38
177.93 446.63
223.21 447.07
267.10 447.25
312.78 446.83
358.67 447.36
404.53 446.77
450.59 446.99
496.22 447.65
540.85 447.65
585.83 447.55
632.21 447.54
678.05 447.82
723.27 447.60
768.79 447.65
813.58 447.73
859.15 447.65
904.91 447.17
952.42 447.40
82.44 493.05
130.92 493.03
177.57 492.30
222.82 492.02
267.68 492.62
312.76 493.00
358.33 493.06
404.21 492.76
451.13 492.64
496.40 492.91
540.89 493.22
585.94 493.38
631.80 492.91
678.10 492.72
723.30 493.19
768.33 492.49
813.54 492.66
858.87 493.03
905.32 493.03
952.53 493.44
130.04 537.76
177.18 537.73
222.86 537.36
268.56 538.21
313.12 538.41
357.67 538.27
403.64 537.99
450.96 537.36
496.30 538.45
540.56 538.85
585.54 538.08
631.80 537.70
677.61 538.14
722.91 538.34
768.03 538.03
813.35 538.22
858.82 538.26
905.46 537.87
129.57 584.73
176.94 583.77
222.71 583.27
268.98 583.17
313.28 583.27
357.73 583.48
403.28 584.18
450.91 583.79
496.11 582.80
540.42 582.33
585.73 583.43
632.14 583.68
677.82 583.89
722.75 583.66
767.89 583.65
813.30 583.96
858.97 584.15
905.54 584.69
128.93 630.09
176.14 629.37
222.51 628.57
268.57 628.22
313.48 628.44
358.49 629.14
403.77 630.33
449.40 629.60
494.76 627.80
541.08 627.51
586.68 628.66
632.46 629.33
678.22 629.50
723.06 629.20
768.10 629.44
813.70 629.80
859.22 629.81
905.69 629.64
175.11 674.48
222.01 673.72
268.17 673.84
313.42 673.67
359.29 673.76
404.16 674.77
448.35 674.39
493.86 674.79
541.71 674.84
587.23 675.02
632.30 674.60
677.51 674.82
722.78 674.44
768.42 674.37
814.05 674.42
859.43 675.07
174.29 719.77
221.45 719.40
268.57 719.15
313.84 719.54
359.00 719.63
403.91 719.69
448.74 720.01
494.99 720.98
541.00 721.12
586.99 720.69
631.84 720.37
677.10 720.13
722.13 719.88
767.96 719.40
814.09 719.11
860.71 720.36
221.05 765.33
268.66 765.28
314.00 764.99
359.00 764.65
404.25 764.80
449.19 765.17
495.50 765.17
540.57 765.82
586.65 765.84
631.56 765.38
676.44 764.95
722.08 765.06
767.54 765.36
814.33 765.51
267.65 811.44
313.18 810.20
358.53 809.89
404.11 810.17
449.31 809.87
495.27 809.86
541.11 810.04
586.30 810.56
631.41 810.41
676.51 810.13
722.54 810.76
768.32 811.63
358.18 856.78
403.50 856.44
449.20 856.36
495.00 855.76
541.24 856.10
586.18 856.27
631.25 856.44
676.27 856.79
495.03 903.30
540.95 902.87
