490.05 146.43
518.06 147.19
545.52 147.14
380.98 173.84
409.14 174.28
436.64 174.24
463.32 174.51
490.57 174.61
517.66 174.88
545.37 174.54
572.39 174.64
599.42 174.47
627.10 174.24
654.69 174.46
327.04 200.81
354.48 201.48
381.62 201.50
408.96 201.85
436.13 201.84
463.31 201.56
490.61 201.47
517.81 201.30
545.40 201.48
572.17 201.54
599.38 201.87
626.90 201.91
654.26 201.55
681.74 201.82
708.58 201.56
299.22 228.00
327.06 228.46
354.51 228.45
381.86 228.68
408.82 228.50
436.59 228.24
463.69 228.81
490.77 228.86
517.80 228.92
545.20 228.37
572.27 228.52
599.51 228.56
627.15 228.25
654.34 228.65
681.18 229.03
708.97 229.11
736.27 229.09
272.09 255.68
299.64 256.36
327.51 256.27
354.71 256.22
381.86 256.26
409.02 256.33
436.35 256.28
463.70 256.28
490.63 256.29
517.82 256.33
545.30 256.28
572.23 256.34
599.60 256.36
627.13 256.21
654.11 256.22
681.60 256.37
708.57 256.48
736.73 256.47
763.47 256.86
245.22 282.94
272.31 283.12
300.08 283.51
327.32 283.19
354.45 283.37
381.71 283.21
408.97 283.33
436.21 283.38
463.33 283.33
490.55 283.22
517.81 283.29
545.26 283.22
572.49 283.41
599.52 283.39
627.04 283.32
654.15 283.20
681.27 283.47
708.61 283.22
736.07 283.39
763.44 283.31
790.59 283.99
217.69 309.91
245.31 309.96
272.95 310.65
299.89 310.34
327.44 310.31
354.39 310.26
381.78 310.26
408.78 310.20
436.22 310.13
463.28 310.17
490.57 310.25
517.95 310.24
545.22 310.09
572.67 310.16
599.69 310.25
627.08 310.17
654.17 310.38
681.30 310.31
708.57 310.55
736.15 310.44
763.19 310.73
790.59 310.17
817.84 311.11
190.25 338.20
218.39 338.06
245.73 338.27
272.75 338.38
300.02 338.28
327.32 338.22
354.78 338.25
381.80 338.16
408.87 338.20
436.30 338.09
463.58 338.08
490.77 338.09
517.86 338.08
545.37 338.06
572.79 338.04
599.84 338.09
627.20 338.21
654.32 338.12
681.64 338.27
708.76 338.27
736.16 338.28
763.50 338.33
790.69 338.56
817.59 338.20
845.76 338.61
190.04 363.95
218.29 365.47
245.84 365.49
272.81 365.32
299.76 365.25
327.36 365.35
354.47 365.18
381.67 365.22
408.77 365.14
436.23 365.13
463.36 365.20
490.76 365.16
517.80 365.16
545.30 365.18
572.74 365.16
599.80 365.21
627.31 365.05
654.35 365.24
681.63 365.16
708.61 365.34
736.17 365.24
763.28 365.36
790.71 365.26
817.66 365.77
845.24 365.18
163.14 391.99
191.23 392.53
217.97 392.30
245.46 392.42
272.69 392.47
299.85 392.47
327.22 392.21
354.33 392.24
381.61 392.20
408.75 392.26
436.20 392.14
463.26 392.28
490.64 392.25
517.81 392.38
545.32 392.25
572.70 392.31
599.75 392.24
627.29 392.24
654.33 392.22
681.75 392.30
708.67 392.29
736.10 392.38
763.34 392.44
790.62 392.51
817.67 392.73
845.29 392.67
872.63 392.67
162.94 419.08
191.30 419.44
217.97 419.57
245.64 419.40
272.81 419.61
299.79 419.56
327.28 419.26
354.32 419.26
381.66 419.21
408.70 419.25
436.30 419.24
463.24 419.25
490.66 419.43
517.86 419.51
545.39 419.28
572.63 419.47
599.87 419.59
627.27 419.15
654.37 419.25
681.81 419.44
708.69 419.52
736.15 419.27
763.32 419.61
790.73 419.66
817.81 419.64
845.01 419.77
872.59 419.44
163.02 446.82
191.38 447.15
217.98 447.40
245.71 447.41
272.91 447.21
299.90 447.23
327.24 447.19
354.39 447.14
381.78 447.15
408.85 447.26
436.31 447.14
463.55 447.17
490.86 447.24
517.79 447.23
545.37 447.24
572.79 447.26
599.87 447.22
627.31 447.25
654.64 447.25
681.79 447.25
708.85 447.19
736.28 447.23
763.30 447.23
790.84 447.48
817.85 447.47
844.94 447.33
872.96 447.56
163.18 473.32
191.19 474.12
218.04 474.25
245.50 474.27
272.80 474.27
299.78 474.24
327.12 474.12
354.35 474.18
381.72 474.23
408.87 474.19
436.23 474.19
463.26 474.16
490.82 474.24
517.78 474.22
545.33 474.22
572.76 474.26
599.71 474.21
627.27 474.26
654.43 474.22
681.74 474.30
708.93 474.32
736.19 474.18
763.27 474.38
790.71 474.38
817.76 474.35
845.21 474.46
872.64 474.38
136.18 501.20
164.04 501.39
191.00 501.16
218.00 501.38
245.43 501.18
272.69 501.14
299.69 501.22
327.15 501.19
354.19 501.25
381.72 501.27
408.74 501.21
436.20 501.23
463.35 501.33
490.71 501.36
517.82 501.60
545.36 501.36
572.45 501.59
599.70 501.52
627.26 501.29
654.32 501.39
681.77 501.58
708.85 501.31
736.34 501.59
763.25 501.36
790.60 501.36
817.78 501.65
845.11 501.31
872.48 501.63
899.87 501.84
135.84 527.88
164.33 528.26
190.85 528.51
218.22 528.56
245.47 528.30
272.76 528.50
299.65 528.60
327.25 528.36
354.30 528.49
381.76 528.50
408.79 528.56
436.34 528.50
463.43 528.55
490.80 528.56
517.89 528.63
545.41 528.64
572.68 528.61
599.76 528.71
627.27 528.60
654.65 528.64
681.84 528.61
708.90 528.71
736.37 528.72
763.31 528.67
790.67 528.64
817.71 528.58
845.40 528.58
872.15 528.67
899.73 528.61
135.78 555.77
164.10 556.44
191.21 556.36
217.91 556.17
245.73 556.34
272.81 556.38
299.76 556.47
327.21 556.37
354.58 556.29
381.82 556.39
408.85 556.43
436.36 556.44
463.61 556.43
490.77 556.36
518.02 556.44
545.40 556.42
572.74 556.43
599.78 556.50
627.34 556.44
654.59 556.42
681.88 556.52
708.89 556.45
736.31 556.51
763.61 556.59
790.69 556.44
817.87 556.29
845.07 556.35
872.39 556.38
899.85 556.71
163.28 582.61
191.23 583.20
217.99 583.21
245.47 583.13
272.75 583.21
299.75 583.30
327.19 583.31
354.35 583.31
381.71 583.33
408.78 583.35
436.37 583.26
463.56 583.34
490.80 583.55
517.85 583.29
545.42 583.33
572.72 583.67
599.81 583.59
627.24 583.31
654.41 583.66
681.75 583.58
708.89 583.42
736.36 583.36
763.16 583.31
790.73 583.59
817.87 583.60
844.97 583.30
872.39 583.36
162.95 609.40
191.45 610.07
217.84 610.11
245.39 610.12
272.89 610.27
299.73 610.46
327.22 610.33
354.37 610.33
381.75 610.49
408.76 610.54
436.42 610.49
463.36 610.30
490.74 610.57
517.98 610.54
545.40 610.48
572.74 610.51
599.88 610.59
627.25 610.60
654.41 610.47
681.64 610.60
708.93 610.67
736.41 610.51
763.17 610.57
790.66 610.19
817.92 610.17
844.84 610.61
872.71 610.09
163.02 637.53
191.51 637.94
218.02 638.25
245.43 638.11
272.87 638.14
300.00 638.31
327.29 638.18
354.64 638.33
381.81 638.33
408.99 638.34
436.33 638.28
463.67 638.34
490.89 638.33
517.97 638.33
545.79 638.34
572.86 638.32
599.93 638.37
627.49 638.37
654.72 638.42
681.84 638.39
708.96 638.25
736.27 638.25
763.51 638.16
790.77 638.10
817.92 638.28
845.09 637.78
872.80 638.24
163.00 664.81
191.20 665.25
218.18 665.26
245.72 665.16
272.63 665.18
299.99 665.12
327.32 665.26
354.36 665.33
381.76 665.43
408.86 665.42
436.35 665.38
463.65 665.34
490.78 665.32
518.10 665.46
545.73 665.35
572.79 665.40
600.02 665.37
627.34 665.33
654.61 665.37
681.80 665.40
708.88 665.36
736.23 665.24
763.62 665.26
790.90 665.36
817.54 665.25
845.39 665.47
872.67 665.63
190.57 692.11
218.33 692.05
245.73 692.30
272.87 692.25
299.87 692.27
327.37 692.21
354.42 692.43
381.68 692.39
408.82 692.62
436.28 692.33
463.37 692.42
490.82 692.66
518.00 692.70
545.46 692.61
572.66 692.33
599.89 692.60
627.35 692.39
654.40 692.57
681.76 692.67
708.71 692.46
736.21 692.30
763.24 692.35
790.81 692.54
817.59 692.47
845.41 692.62
189.94 718.61
218.37 719.77
245.92 719.45
272.81 719.59
300.03 719.57
327.31 719.48
354.46 719.24
381.62 719.49
408.97 719.57
436.26 719.68
463.54 719.76
490.82 719.69
517.94 719.71
545.46 719.66
572.70 719.73
599.81 719.72
627.32 719.57
654.36 719.65
681.55 719.49
708.81 719.64
736.12 719.24
763.63 719.50
790.58 719.51
817.66 719.84
845.62 719.60
217.63 746.57
245.96 747.47
272.99 747.09
299.99 747.31
327.54 747.21
354.79 747.29
381.91 747.23
408.89 747.40
436.44 747.31
463.62 747.35
490.84 747.31
518.06 747.45
545.67 747.30
572.75 747.43
599.80 747.44
627.42 747.35
654.29 747.30
681.72 747.25
708.76 747.32
736.32 747.40
763.24 747.29
790.80 747.56
817.76 747.58
245.22 773.50
272.97 774.42
300.00 774.05
327.72 774.25
354.81 774.30
381.91 774.41
408.94 774.26
436.34 774.16
463.68 774.24
490.76 774.55
518.02 774.37
545.44 774.26
572.68 774.19
599.78 774.16
627.09 774.32
654.35 774.53
681.49 774.29
708.82 774.71
736.23 774.34
763.64 774.39
790.60 774.52
272.52 800.85
299.81 801.61
327.56 801.23
354.73 801.54
381.85 801.67
409.04 801.73
436.41 801.61
463.71 801.61
490.72 801.64
517.86 801.56
545.43 801.57
572.38 801.57
599.49 801.71
627.13 801.59
654.09 801.56
681.65 801.73
708.79 801.61
736.36 801.20
763.38 801.63
299.65 828.17
327.32 828.25
354.79 828.39
381.93 828.57
408.99 828.79
436.83 828.72
463.61 828.65
490.95 828.72
517.78 828.66
545.45 828.72
572.26 828.66
599.58 828.76
627.09 828.57
654.29 828.47
681.45 828.56
708.95 828.42
736.42 828.86
327.25 855.98
354.74 856.36
381.87 856.34
409.14 856.02
436.32 856.00
463.86 856.21
490.84 856.22
517.93 856.49
545.69 856.15
572.71 856.10
599.77 856.05
627.03 856.08
654.68 856.35
681.87 856.54
708.62 856.76
381.15 883.08
409.06 883.71
436.77 883.66
463.72 883.54
490.91 883.62
517.80 883.09
545.67 883.19
572.60 883.58
599.53 883.62
627.22 883.65
654.68 883.57
490.22 910.12
518.08 910.83
545.78 910.73
