493.70 137.55
516.40 137.16
542.78 138.91
379.05 162.12
410.88 163.60
436.62 163.63
461.56 168.47
493.83 163.54
516.44 163.02
543.95 163.77
572.55 163.05
600.44 165.19
623.86 161.73
654.08 160.91
328.25 186.79
355.41 185.66
383.58 186.53
408.21 187.83
437.14 187.55
461.47 190.50
493.04 187.74
515.99 187.37
542.94 187.80
572.07 186.88
597.14 188.80
622.06 186.54
649.99 185.30
683.32 182.86
705.35 186.06
303.94 209.04
328.27 211.26
356.90 209.76
382.42 210.10
410.26 211.18
437.11 211.33
461.55 212.07
493.17 211.83
515.94 211.26
542.06 211.24
571.11 209.49
596.06 211.62
624.41 209.67
652.22 208.71
682.02 208.41
705.06 214.07
731.40 206.25
274.88 239.97
301.10 240.10
327.98 238.53
358.13 239.66
383.63 239.68
409.27 240.77
436.43 238.08
460.52 240.93
494.19 235.91
515.48 243.31
542.59 240.20
570.70 242.39
600.23 240.44
624.11 239.70
655.21 239.69
683.16 240.34
705.39 241.99
732.12 239.72
757.34 241.97
247.56 266.82
275.51 266.91
303.21 267.46
327.82 267.95
359.93 265.88
381.12 267.95
410.27 267.20
436.14 265.95
461.88 264.66
494.06 265.57
516.16 270.07
542.69 264.39
571.08 267.29
599.11 265.28
624.05 265.37
653.14 265.26
683.31 265.21
705.16 270.15
728.52 265.01
754.65 265.92
783.45 262.45
219.06 303.13
248.29 301.80
274.53 302.86
302.32 300.99
328.13 300.63
358.07 297.76
382.57 301.42
411.27 301.21
436.90 301.52
460.48 303.15
496.16 298.97
517.88 299.12
542.13 301.44
570.46 299.52
597.86 297.79
624.07 298.53
650.47 298.25
683.34 298.14
705.87 296.96
731.23 298.94
755.45 299.00
781.77 297.99
806.78 300.74
191.97 329.90
217.30 327.61
248.48 327.91
272.08 326.57
300.25 324.52
327.13 324.52
358.05 324.83
380.03 325.50
409.12 324.02
437.03 324.08
461.57 326.96
492.91 322.84
515.87 325.06
543.07 324.86
570.97 324.07
599.78 324.11
624.16 325.23
650.98 323.62
683.55 323.26
705.45 323.98
731.97 323.66
757.37 325.00
784.83 322.70
809.88 324.52
835.01 321.22
188.05 352.82
217.16 350.88
246.12 351.42
273.03 350.35
301.58 349.14
329.37 351.73
354.23 349.33
378.91 349.05
411.60 348.42
436.20 350.55
461.00 349.80
492.44 348.63
514.99 349.37
543.11 348.12
571.08 347.80
599.86 347.56
624.01 349.34
654.27 348.23
679.13 348.32
702.94 348.36
732.93 348.42
756.91 348.86
783.83 346.99
808.32 347.31
833.01 344.87
164.81 375.63
190.18 375.62
218.32 375.98
248.01 374.94
273.01 372.95
301.11 373.57
327.15 375.71
358.29 372.84
380.59 374.85
409.63 372.63
436.57 373.90
460.53 371.12
492.50 372.13
514.86 375.90
541.99 371.21
571.95 372.22
597.85 372.64
622.43 375.84
654.11 373.02
683.06 371.35
705.88 374.93
734.76 372.37
758.68 378.05
784.67 370.73
809.34 374.84
833.50 369.59
859.96 372.18
163.43 400.59
190.53 399.33
215.10 401.23
246.26 399.40
273.62 398.85
300.71 399.10
325.77 397.91
355.88 398.44
379.78 398.58
408.92 398.97
436.12 400.20
460.75 398.78
493.46 398.32
515.33 401.98
543.00 398.68
570.96 400.75
598.60 398.85
622.44 400.83
650.24 397.48
681.09 398.18
704.84 399.86
732.85 398.15
757.30 402.41
785.26 398.24
810.43 399.30
833.23 395.99
862.70 398.04
162.60 427.31
191.44 427.17
217.40 426.11
246.50 427.24
273.33 428.93
299.54 427.24
326.89 427.06
358.33 427.61
383.84 425.73
411.20 425.54
436.24 426.53
460.43 426.77
493.41 425.93
515.30 430.02
541.86 427.22
570.81 425.72
598.57 424.89
621.98 425.25
653.43 424.90
682.66 422.22
704.53 431.92
728.26 424.49
754.39 426.25
785.63 423.43
809.49 426.44
834.74 426.75
860.47 422.25
164.87 451.24
189.23 452.97
217.29 450.85
247.43 450.92
271.56 455.70
298.88 452.08
325.51 451.80
355.15 452.86
379.61 453.53
408.22 451.86
436.09 452.97
461.69 449.94
491.70 450.42
514.75 457.73
541.91 451.87
570.51 449.99
599.28 449.90
622.83 451.66
651.47 450.43
680.38 446.07
703.68 456.42
729.90 451.01
754.70 452.45
783.92 449.94
810.79 451.71
834.07 449.98
860.52 448.95
138.79 483.12
164.34 484.51
192.55 483.49
218.11 486.43
247.62 484.69
273.79 483.38
300.71 482.24
327.87 483.92
354.93 484.64
379.87 485.17
411.47 483.44
436.43 486.28
462.62 482.49
494.96 483.35
516.75 487.07
542.47 482.32
570.84 483.01
599.73 484.94
624.21 482.84
653.84 481.24
682.82 483.10
704.80 486.89
732.06 476.20
757.01 477.18
785.08 479.97
809.01 482.44
834.27 481.38
859.19 480.31
885.21 479.64
137.91 511.59
164.05 511.36
189.76 510.33
216.08 511.18
245.78 509.63
273.11 509.24
299.63 509.21
325.34 508.47
355.11 510.15
378.95 512.83
408.14 508.48
435.06 510.56
464.16 507.09
494.75 508.17
516.61 514.10
541.99 507.83
571.24 509.38
598.50 510.74
623.97 507.72
650.16 506.74
678.86 507.71
702.38 511.27
732.88 511.45
757.39 510.83
784.00 507.76
809.37 507.13
833.19 506.85
859.64 508.02
886.68 506.55
138.20 548.26
161.55 549.09
189.77 547.18
216.25 545.47
245.89 545.75
273.27 545.43
299.62 544.91
324.48 546.26
355.10 545.54
381.14 544.26
408.79 543.35
435.98 543.95
464.14 544.52
493.82 542.36
515.74 545.10
541.86 543.52
571.26 545.92
597.94 544.37
624.12 542.46
654.92 545.12
679.63 549.08
702.47 549.10
729.82 546.00
754.79 543.67
783.26 542.90
809.48 545.30
832.77 545.02
863.25 545.91
889.14 544.45
160.17 578.83
189.40 580.38
216.23 577.95
246.53 577.91
271.58 577.43
300.44 578.02
327.65 577.66
353.95 578.87
378.63 577.57
408.62 574.43
437.55 575.26
464.03 574.68
491.98 576.12
514.41 574.03
543.02 575.01
570.71 576.10
597.35 575.68
621.40 573.09
653.58 575.32
680.45 575.28
704.54 572.76
729.85 575.42
754.51 574.54
785.39 574.33
809.89 574.37
834.44 575.64
860.52 574.66
159.89 599.89
186.96 600.89
216.13 598.98
245.16 600.01
273.21 601.37
298.18 600.51
325.09 600.65
353.14 601.01
378.09 600.02
409.37 598.99
436.13 601.02
459.93 598.39
491.19 599.49
515.49 598.96
541.26 598.53
570.09 599.53
598.07 598.31
622.38 599.03
654.10 602.40
680.68 599.19
703.91 598.01
730.55 599.40
755.76 598.44
786.91 597.80
810.83 599.08
834.52 599.01
860.30 600.03
161.79 626.37
189.91 627.33
216.02 625.99
245.44 626.01
271.54 628.38
299.70 627.39
325.18 626.93
359.18 627.14
380.49 625.98
409.07 627.44
435.93 625.89
462.27 626.26
492.95 625.81
515.99 626.05
542.57 625.98
571.09 627.22
597.84 627.11
624.16 626.59
653.11 626.04
680.43 624.27
704.40 626.04
729.16 624.14
754.55 625.90
783.04 622.74
808.71 623.42
834.31 624.78
860.43 623.83
159.65 657.95
190.53 655.53
215.64 655.64
245.40 657.66
273.27 654.45
299.12 655.16
327.80 655.40
353.76 653.14
379.31 653.59
408.72 653.55
435.28 652.67
459.94 653.23
492.52 652.78
514.92 652.98
541.78 651.79
571.05 652.93
598.64 651.83
624.11 651.96
650.50 652.70
680.83 653.38
703.90 654.03
730.76 652.34
754.61 650.65
782.80 651.32
808.42 650.84
835.93 648.90
863.52 648.47
188.47 680.01
216.31 680.73
245.18 681.59
273.30 679.87
300.40 679.78
324.44 678.82
356.74 678.37
381.62 680.09
409.01 679.23
436.36 679.34
460.52 680.01
492.21 680.42
514.87 681.02
542.20 679.88
570.37 679.90
597.32 679.49
621.66 681.53
650.52 679.14
679.15 677.19
703.43 679.05
726.80 677.95
754.95 680.55
783.56 680.59
809.97 681.26
835.23 677.87
188.14 703.71
215.13 704.16
244.39 705.06
272.02 703.68
298.01 704.22
324.82 701.68
353.19 703.21
378.02 703.76
407.76 702.13
435.19 703.19
460.08 704.08
491.17 704.43
514.38 705.39
541.40 702.93
570.13 704.15
595.99 703.17
622.96 705.14
650.94 703.23
678.88 701.63
702.41 703.36
729.06 703.02
756.46 703.40
786.93 704.71
812.95 705.07
837.29 702.79
215.74 731.89
246.48 733.74
272.72 734.11
299.74 736.30
327.38 733.94
351.54 733.94
379.92 735.39
408.70 731.16
435.69 731.19
459.88 736.16
494.27 735.21
515.86 734.99
538.48 733.36
570.09 734.88
597.29 732.30
621.51 737.06
653.49 734.94
677.41 731.81
701.15 737.09
731.14 730.39
754.00 736.66
784.27 733.47
808.71 734.15
245.97 761.63
270.46 763.51
299.06 760.47
324.11 761.28
356.41 759.63
378.90 762.13
408.95 758.69
435.24 761.22
461.48 761.69
493.30 759.42
515.72 760.00
539.34 758.48
570.55 759.14
594.88 758.87
624.07 760.38
648.51 758.83
679.30 759.09
703.43 761.44
728.82 758.42
756.61 760.34
785.35 758.47
272.01 796.27
299.19 795.58
324.21 796.01
354.31 795.29
379.41 794.88
408.75 795.19
434.33 794.00
461.05 794.93
493.85 794.68
515.47 789.87
542.04 794.34
570.63 796.05
595.86 794.96
622.68 792.06
650.03 793.15
678.07 791.57
702.38 791.14
730.15 796.79
755.00 792.27
298.06 818.65
324.02 819.82
357.93 819.82
379.99 818.59
407.88 820.48
435.35 819.83
460.11 818.63
489.28 817.99
513.58 816.27
538.90 819.43
570.37 819.90
594.98 818.08
621.01 819.24
648.20 819.12
677.87 819.78
702.46 819.86
730.83 819.09
323.07 845.04
351.56 843.80
378.28 842.49
408.29 844.88
436.58 843.64
460.58 843.29
493.86 841.95
515.81 844.05
540.63 842.32
570.47 843.72
596.09 841.86
619.80 841.30
650.03 842.80
679.10 842.88
703.34 843.88
377.85 870.56
407.13 869.37
434.76 868.51
459.96 868.38
491.84 867.65
514.42 868.33
540.91 869.40
570.02 868.48
595.12 867.40
621.27 866.66
650.90 867.37
490.22 892.32
513.74 895.90
540.89 894.22
