4.871818181818181870e+02 1.346363636363636260e+02
5.144545454545454959e+02 1.346363636363636260e+02
5.417272727272727479e+02 1.346363636363636260e+02
3.780909090909091219e+02 1.619090909090909065e+02
4.053636363636363740e+02 1.619090909090909065e+02
4.326363636363636260e+02 1.619090909090909065e+02
4.599090909090908781e+02 1.619090909090909065e+02
4.871818181818181870e+02 1.619090909090909065e+02
5.144545454545454959e+02 1.619090909090909065e+02
5.417272727272727479e+02 1.619090909090909065e+02
5.690000000000000000e+02 1.619090909090909065e+02
5.962727272727272521e+02 1.619090909090909065e+02
6.235454545454545041e+02 1.619090909090909065e+02
6.508181818181818699e+02 1.619090909090909065e+02
3.235454545454545041e+02 1.891818181818181870e+02
3.508181818181818130e+02 1.891818181818181870e+02
3.780909090909091219e+02 1.891818181818181870e+02
4.053636363636363740e+02 1.891818181818181870e+02
4.326363636363636260e+02 1.891818181818181870e+02
4.599090909090908781e+02 1.891818181818181870e+02
4.871818181818181870e+02 1.891818181818181870e+02
5.144545454545454959e+02 1.891818181818181870e+02
5.417272727272727479e+02 1.891818181818181870e+02
5.690000000000000000e+02 1.891818181818181870e+02
5.962727272727272521e+02 1.891818181818181870e+02
6.235454545454545041e+02 1.891818181818181870e+02
6.508181818181818699e+02 1.891818181818181870e+02
6.780909090909091219e+02 1.891818181818181870e+02
7.053636363636363740e+02 1.891818181818181870e+02
2.962727272727272521e+02 2.164545454545454390e+02
3.235454545454545041e+02 2.164545454545454390e+02
3.508181818181818130e+02 2.164545454545454390e+02
3.780909090909091219e+02 2.164545454545454390e+02
4.053636363636363740e+02 2.164545454545454390e+02
4.326363636363636260e+02 2.164545454545454390e+02
4.599090909090908781e+02 2.164545454545454390e+02
4.871818181818181870e+02 2.164545454545454390e+02
5.144545454545454959e+02 2.164545454545454390e+02
5.417272727272727479e+02 2.164545454545454390e+02
5.690000000000000000e+02 2.164545454545454390e+02
5.962727272727272521e+02 2.164545454545454390e+02
6.235454545454545041e+02 2.164545454545454390e+02
6.508181818181818699e+02 2.164545454545454390e+02
6.780909090909091219e+02 2.164545454545454390e+02
7.053636363636363740e+02 2.164545454545454390e+02
7.326363636363636260e+02 2.164545454545454390e+02
2.690000000000000000e+02 2.437272727272727479e+02
2.962727272727272521e+02 2.437272727272727479e+02
3.235454545454545041e+02 2.437272727272727479e+02
3.508181818181818130e+02 2.437272727272727479e+02
3.780909090909091219e+02 2.437272727272727479e+02
4.053636363636363740e+02 2.437272727272727479e+02
4.326363636363636260e+02 2.437272727272727479e+02
4.599090909090908781e+02 2.437272727272727479e+02
4.871818181818181870e+02 2.437272727272727479e+02
5.144545454545454959e+02 2.437272727272727479e+02
5.417272727272727479e+02 2.437272727272727479e+02
5.690000000000000000e+02 2.437272727272727479e+02
5.962727272727272521e+02 2.437272727272727479e+02
6.235454545454545041e+02 2.437272727272727479e+02
6.508181818181818699e+02 2.437272727272727479e+02
6.780909090909091219e+02 2.437272727272727479e+02
7.053636363636363740e+02 2.437272727272727479e+02
7.326363636363636260e+02 2.437272727272727479e+02
7.599090909090908781e+02 2.437272727272727479e+02
2.417272727272727479e+02 2.710000000000000000e+02
2.690000000000000000e+02 2.710000000000000000e+02
2.962727272727272521e+02 2.710000000000000000e+02
3.235454545454545041e+02 2.710000000000000000e+02
3.508181818181818130e+02 2.710000000000000000e+02
3.780909090909091219e+02 2.710000000000000000e+02
4.053636363636363740e+02 2.710000000000000000e+02
4.326363636363636260e+02 2.710000000000000000e+02
4.599090909090908781e+02 2.710000000000000000e+02
4.871818181818181870e+02 2.710000000000000000e+02
5.144545454545454959e+02 2.710000000000000000e+02
5.417272727272727479e+02 2.710000000000000000e+02
5.690000000000000000e+02 2.710000000000000000e+02
5.962727272727272521e+02 2.710000000000000000e+02
6.235454545454545041e+02 2.710000000000000000e+02
6.508181818181818699e+02 2.710000000000000000e+02
6.780909090909091219e+02 2.710000000000000000e+02
7.053636363636363740e+02 2.710000000000000000e+02
7.326363636363636260e+02 2.710000000000000000e+02
7.599090909090908781e+02 2.710000000000000000e+02
7.871818181818181301e+02 2.710000000000000000e+02
2.144545454545454390e+02 2.982727272727272521e+02
2.417272727272727479e+02 2.982727272727272521e+02
2.690000000000000000e+02 2.982727272727272521e+02
2.962727272727272521e+02 2.982727272727272521e+02
3.235454545454545041e+02 2.982727272727272521e+02
3.508181818181818130e+02 2.982727272727272521e+02
3.780909090909091219e+02 2.982727272727272521e+02
4.053636363636363740e+02 2.982727272727272521e+02
4.326363636363636260e+02 2.982727272727272521e+02
4.599090909090908781e+02 2.982727272727272521e+02
4.871818181818181870e+02 2.982727272727272521e+02
5.144545454545454959e+02 2.982727272727272521e+02
5.417272727272727479e+02 2.982727272727272521e+02
5.690000000000000000e+02 2.982727272727272521e+02
5.962727272727272521e+02 2.982727272727272521e+02
6.235454545454545041e+02 2.982727272727272521e+02
6.508181818181818699e+02 2.982727272727272521e+02
6.780909090909091219e+02 2.982727272727272521e+02
7.053636363636363740e+02 2.982727272727272521e+02
7.326363636363636260e+02 2.982727272727272521e+02
7.599090909090908781e+02 2.982727272727272521e+02
7.871818181818181301e+02 2.982727272727272521e+02
8.144545454545454959e+02 2.982727272727272521e+02
1.871818181818181870e+02 3.255454545454545041e+02
2.144545454545454390e+02 3.255454545454545041e+02
2.417272727272727479e+02 3.255454545454545041e+02
2.690000000000000000e+02 3.255454545454545041e+02
2.962727272727272521e+02 3.255454545454545041e+02
3.235454545454545041e+02 3.255454545454545041e+02
3.508181818181818130e+02 3.255454545454545041e+02
3.780909090909091219e+02 3.255454545454545041e+02
4.053636363636363740e+02 3.255454545454545041e+02
4.326363636363636260e+02 3.255454545454545041e+02
4.599090909090908781e+02 3.255454545454545041e+02
4.871818181818181870e+02 3.255454545454545041e+02
5.144545454545454959e+02 3.255454545454545041e+02
5.417272727272727479e+02 3.255454545454545041e+02
5.690000000000000000e+02 3.255454545454545041e+02
5.962727272727272521e+02 3.255454545454545041e+02
6.235454545454545041e+02 3.255454545454545041e+02
6.508181818181818699e+02 3.255454545454545041e+02
6.780909090909091219e+02 3.255454545454545041e+02
7.053636363636363740e+02 3.255454545454545041e+02
7.326363636363636260e+02 3.255454545454545041e+02
7.599090909090908781e+02 3.255454545454545041e+02
7.871818181818181301e+02 3.255454545454545041e+02
8.144545454545454959e+02 3.255454545454545041e+02
8.417272727272727479e+02 3.255454545454545041e+02
1.871818181818181870e+02 3.528181818181818130e+02
2.144545454545454390e+02 3.528181818181818130e+02
2.417272727272727479e+02 3.528181818181818130e+02
2.690000000000000000e+02 3.528181818181818130e+02
2.962727272727272521e+02 3.528181818181818130e+02
3.235454545454545041e+02 3.528181818181818130e+02
3.508181818181818130e+02 3.528181818181818130e+02
3.780909090909091219e+02 3.528181818181818130e+02
4.053636363636363740e+02 3.528181818181818130e+02
4.326363636363636260e+02 3.528181818181818130e+02
4.599090909090908781e+02 3.528181818181818130e+02
4.871818181818181870e+02 3.528181818181818130e+02
5.144545454545454959e+02 3.528181818181818130e+02
5.417272727272727479e+02 3.528181818181818130e+02
5.690000000000000000e+02 3.528181818181818130e+02
5.962727272727272521e+02 3.528181818181818130e+02
6.235454545454545041e+02 3.528181818181818130e+02
6.508181818181818699e+02 3.528181818181818130e+02
6.780909090909091219e+02 3.528181818181818130e+02
7.053636363636363740e+02 3.528181818181818130e+02
7.326363636363636260e+02 3.528181818181818130e+02
7.599090909090908781e+02 3.528181818181818130e+02
7.871818181818181301e+02 3.528181818181818130e+02
8.144545454545454959e+02 3.528181818181818130e+02
8.417272727272727479e+02 3.528181818181818130e+02
1.599090909090909065e+02 3.800909090909091219e+02
1.871818181818181870e+02 3.800909090909091219e+02
2.144545454545454390e+02 3.800909090909091219e+02
2.417272727272727479e+02 3.800909090909091219e+02
2.690000000000000000e+02 3.800909090909091219e+02
2.962727272727272521e+02 3.800909090909091219e+02
3.235454545454545041e+02 3.800909090909091219e+02
3.508181818181818130e+02 3.800909090909091219e+02
3.780909090909091219e+02 3.800909090909091219e+02
4.053636363636363740e+02 3.800909090909091219e+02
4.326363636363636260e+02 3.800909090909091219e+02
4.599090909090908781e+02 3.800909090909091219e+02
4.871818181818181870e+02 3.800909090909091219e+02
5.144545454545454959e+02 3.800909090909091219e+02
5.417272727272727479e+02 3.800909090909091219e+02
5.690000000000000000e+02 3.800909090909091219e+02
5.962727272727272521e+02 3.800909090909091219e+02
6.235454545454545041e+02 3.800909090909091219e+02
6.508181818181818699e+02 3.800909090909091219e+02
6.780909090909091219e+02 3.800909090909091219e+02
7.053636363636363740e+02 3.800909090909091219e+02
7.326363636363636260e+02 3.800909090909091219e+02
7.599090909090908781e+02 3.800909090909091219e+02
7.871818181818181301e+02 3.800909090909091219e+02
8.144545454545454959e+02 3.800909090909091219e+02
8.417272727272727479e+02 3.800909090909091219e+02
8.690000000000000000e+02 3.800909090909091219e+02
1.599090909090909065e+02 4.073636363636363740e+02
1.871818181818181870e+02 4.073636363636363740e+02
2.144545454545454390e+02 4.073636363636363740e+02
2.417272727272727479e+02 4.073636363636363740e+02
2.690000000000000000e+02 4.073636363636363740e+02
2.962727272727272521e+02 4.073636363636363740e+02
3.235454545454545041e+02 4.073636363636363740e+02
3.508181818181818130e+02 4.073636363636363740e+02
3.780909090909091219e+02 4.073636363636363740e+02
4.053636363636363740e+02 4.073636363636363740e+02
4.326363636363636260e+02 4.073636363636363740e+02
4.599090909090908781e+02 4.073636363636363740e+02
4.871818181818181870e+02 4.073636363636363740e+02
5.144545454545454959e+02 4.073636363636363740e+02
5.417272727272727479e+02 4.073636363636363740e+02
5.690000000000000000e+02 4.073636363636363740e+02
5.962727272727272521e+02 4.073636363636363740e+02
6.235454545454545041e+02 4.073636363636363740e+02
6.508181818181818699e+02 4.073636363636363740e+02
6.780909090909091219e+02 4.073636363636363740e+02
7.053636363636363740e+02 4.073636363636363740e+02
7.326363636363636260e+02 4.073636363636363740e+02
7.599090909090908781e+02 4.073636363636363740e+02
7.871818181818181301e+02 4.073636363636363740e+02
8.144545454545454959e+02 4.073636363636363740e+02
8.417272727272727479e+02 4.073636363636363740e+02
8.690000000000000000e+02 4.073636363636363740e+02
1.599090909090909065e+02 4.346363636363636260e+02
1.871818181818181870e+02 4.346363636363636260e+02
2.144545454545454390e+02 4.346363636363636260e+02
2.417272727272727479e+02 4.346363636363636260e+02
2.690000000000000000e+02 4.346363636363636260e+02
2.962727272727272521e+02 4.346363636363636260e+02
3.235454545454545041e+02 4.346363636363636260e+02
3.508181818181818130e+02 4.346363636363636260e+02
3.780909090909091219e+02 4.346363636363636260e+02
4.053636363636363740e+02 4.346363636363636260e+02
4.326363636363636260e+02 4.346363636363636260e+02
4.599090909090908781e+02 4.346363636363636260e+02
4.871818181818181870e+02 4.346363636363636260e+02
5.144545454545454959e+02 4.346363636363636260e+02
5.417272727272727479e+02 4.346363636363636260e+02
5.690000000000000000e+02 4.346363636363636260e+02
5.962727272727272521e+02 4.346363636363636260e+02
6.235454545454545041e+02 4.346363636363636260e+02
6.508181818181818699e+02 4.346363636363636260e+02
6.780909090909091219e+02 4.346363636363636260e+02
7.053636363636363740e+02 4.346363636363636260e+02
7.326363636363636260e+02 4.346363636363636260e+02
7.599090909090908781e+02 4.346363636363636260e+02
7.871818181818181301e+02 4.346363636363636260e+02
8.144545454545454959e+02 4.346363636363636260e+02
8.417272727272727479e+02 4.346363636363636260e+02
8.690000000000000000e+02 4.346363636363636260e+02
1.599090909090909065e+02 4.619090909090908781e+02
1.871818181818181870e+02 4.619090909090908781e+02
2.144545454545454390e+02 4.619090909090908781e+02
2.417272727272727479e+02 4.619090909090908781e+02
2.690000000000000000e+02 4.619090909090908781e+02
2.962727272727272521e+02 4.619090909090908781e+02
3.235454545454545041e+02 4.619090909090908781e+02
3.508181818181818130e+02 4.619090909090908781e+02
3.780909090909091219e+02 4.619090909090908781e+02
4.053636363636363740e+02 4.619090909090908781e+02
4.326363636363636260e+02 4.619090909090908781e+02
4.599090909090908781e+02 4.619090909090908781e+02
4.871818181818181870e+02 4.619090909090908781e+02
5.144545454545454959e+02 4.619090909090908781e+02
5.417272727272727479e+02 4.619090909090908781e+02
5.690000000000000000e+02 4.619090909090908781e+02
5.962727272727272521e+02 4.619090909090908781e+02
6.235454545454545041e+02 4.619090909090908781e+02
6.508181818181818699e+02 4.619090909090908781e+02
6.780909090909091219e+02 4.619090909090908781e+02
7.053636363636363740e+02 4.619090909090908781e+02
7.326363636363636260e+02 4.619090909090908781e+02
7.599090909090908781e+02 4.619090909090908781e+02
7.871818181818181301e+02 4.619090909090908781e+02
8.144545454545454959e+02 4.619090909090908781e+02
8.417272727272727479e+02 4.619090909090908781e+02
8.690000000000000000e+02 4.619090909090908781e+02
1.326363636363636260e+02 4.891818181818181870e+02
1.599090909090909065e+02 4.891818181818181870e+02
1.871818181818181870e+02 4.891818181818181870e+02
2.144545454545454390e+02 4.891818181818181870e+02
2.417272727272727479e+02 4.891818181818181870e+02
2.690000000000000000e+02 4.891818181818181870e+02
2.962727272727272521e+02 4.891818181818181870e+02
3.235454545454545041e+02 4.891818181818181870e+02
3.508181818181818130e+02 4.891818181818181870e+02
3.780909090909091219e+02 4.891818181818181870e+02
4.053636363636363740e+02 4.891818181818181870e+02
4.326363636363636260e+02 4.891818181818181870e+02
4.599090909090908781e+02 4.891818181818181870e+02
4.871818181818181870e+02 4.891818181818181870e+02
5.144545454545454959e+02 4.891818181818181870e+02
5.417272727272727479e+02 4.891818181818181870e+02
5.690000000000000000e+02 4.891818181818181870e+02
5.962727272727272521e+02 4.891818181818181870e+02
6.235454545454545041e+02 4.891818181818181870e+02
6.508181818181818699e+02 4.891818181818181870e+02
6.780909090909091219e+02 4.891818181818181870e+02
7.053636363636363740e+02 4.891818181818181870e+02
7.326363636363636260e+02 4.891818181818181870e+02
7.599090909090908781e+02 4.891818181818181870e+02
7.871818181818181301e+02 4.891818181818181870e+02
8.144545454545454959e+02 4.891818181818181870e+02
8.417272727272727479e+02 4.891818181818181870e+02
8.690000000000000000e+02 4.891818181818181870e+02
8.962727272727272521e+02 4.891818181818181870e+02
1.326363636363636260e+02 5.164545454545454959e+02
1.599090909090909065e+02 5.164545454545454959e+02
1.871818181818181870e+02 5.164545454545454959e+02
2.144545454545454390e+02 5.164545454545454959e+02
2.417272727272727479e+02 5.164545454545454959e+02
2.690000000000000000e+02 5.164545454545454959e+02
2.962727272727272521e+02 5.164545454545454959e+02
3.235454545454545041e+02 5.164545454545454959e+02
3.508181818181818130e+02 5.164545454545454959e+02
3.780909090909091219e+02 5.164545454545454959e+02
4.053636363636363740e+02 5.164545454545454959e+02
4.326363636363636260e+02 5.164545454545454959e+02
4.599090909090908781e+02 5.164545454545454959e+02
4.871818181818181870e+02 5.164545454545454959e+02
5.144545454545454959e+02 5.164545454545454959e+02
5.417272727272727479e+02 5.164545454545454959e+02
5.690000000000000000e+02 5.164545454545454959e+02
5.962727272727272521e+02 5.164545454545454959e+02
6.235454545454545041e+02 5.164545454545454959e+02
6.508181818181818699e+02 5.164545454545454959e+02
6.780909090909091219e+02 5.164545454545454959e+02
7.053636363636363740e+02 5.164545454545454959e+02
7.326363636363636260e+02 5.164545454545454959e+02
7.599090909090908781e+02 5.164545454545454959e+02
7.871818181818181301e+02 5.164545454545454959e+02
8.144545454545454959e+02 5.164545454545454959e+02
8.417272727272727479e+02 5.164545454545454959e+02
8.690000000000000000e+02 5.164545454545454959e+02
8.962727272727272521e+02 5.164545454545454959e+02
1.326363636363636260e+02 5.437272727272727479e+02
1.599090909090909065e+02 5.437272727272727479e+02
1.871818181818181870e+02 5.437272727272727479e+02
2.144545454545454390e+02 5.437272727272727479e+02
2.417272727272727479e+02 5.437272727272727479e+02
2.690000000000000000e+02 5.437272727272727479e+02
2.962727272727272521e+02 5.437272727272727479e+02
3.235454545454545041e+02 5.437272727272727479e+02
3.508181818181818130e+02 5.437272727272727479e+02
3.780909090909091219e+02 5.437272727272727479e+02
4.053636363636363740e+02 5.437272727272727479e+02
4.326363636363636260e+02 5.437272727272727479e+02
4.599090909090908781e+02 5.437272727272727479e+02
4.871818181818181870e+02 5.437272727272727479e+02
5.144545454545454959e+02 5.437272727272727479e+02
5.417272727272727479e+02 5.437272727272727479e+02
5.690000000000000000e+02 5.437272727272727479e+02
5.962727272727272521e+02 5.437272727272727479e+02
6.235454545454545041e+02 5.437272727272727479e+02
6.508181818181818699e+02 5.437272727272727479e+02
6.780909090909091219e+02 5.437272727272727479e+02
7.053636363636363740e+02 5.437272727272727479e+02
7.326363636363636260e+02 5.437272727272727479e+02
7.599090909090908781e+02 5.437272727272727479e+02
7.871818181818181301e+02 5.437272727272727479e+02
8.144545454545454959e+02 5.437272727272727479e+02
8.417272727272727479e+02 5.437272727272727479e+02
8.690000000000000000e+02 5.437272727272727479e+02
8.962727272727272521e+02 5.437272727272727479e+02
1.599090909090909065e+02 5.710000000000000000e+02
1.871818181818181870e+02 5.710000000000000000e+02
2.144545454545454390e+02 5.710000000000000000e+02
2.417272727272727479e+02 5.710000000000000000e+02
2.690000000000000000e+02 5.710000000000000000e+02
2.962727272727272521e+02 5.710000000000000000e+02
3.235454545454545041e+02 5.710000000000000000e+02
3.508181818181818130e+02 5.710000000000000000e+02
3.780909090909091219e+02 5.710000000000000000e+02
4.053636363636363740e+02 5.710000000000000000e+02
4.326363636363636260e+02 5.710000000000000000e+02
4.599090909090908781e+02 5.710000000000000000e+02
4.871818181818181870e+02 5.710000000000000000e+02
5.144545454545454959e+02 5.710000000000000000e+02
5.417272727272727479e+02 5.710000000000000000e+02
5.690000000000000000e+02 5.710000000000000000e+02
5.962727272727272521e+02 5.710000000000000000e+02
6.235454545454545041e+02 5.710000000000000000e+02
6.508181818181818699e+02 5.710000000000000000e+02
6.780909090909091219e+02 5.710000000000000000e+02
7.053636363636363740e+02 5.710000000000000000e+02
7.326363636363636260e+02 5.710000000000000000e+02
7.599090909090908781e+02 5.710000000000000000e+02
7.871818181818181301e+02 5.710000000000000000e+02
8.144545454545454959e+02 5.710000000000000000e+02
8.417272727272727479e+02 5.710000000000000000e+02
8.690000000000000000e+02 5.710000000000000000e+02
1.599090909090909065e+02 5.982727272727272521e+02
1.871818181818181870e+02 5.982727272727272521e+02
2.144545454545454390e+02 5.982727272727272521e+02
2.417272727272727479e+02 5.982727272727272521e+02
2.690000000000000000e+02 5.982727272727272521e+02
2.962727272727272521e+02 5.982727272727272521e+02
3.235454545454545041e+02 5.982727272727272521e+02
3.508181818181818130e+02 5.982727272727272521e+02
3.780909090909091219e+02 5.982727272727272521e+02
4.053636363636363740e+02 5.982727272727272521e+02
4.326363636363636260e+02 5.982727272727272521e+02
4.599090909090908781e+02 5.982727272727272521e+02
4.871818181818181870e+02 5.982727272727272521e+02
5.144545454545454959e+02 5.982727272727272521e+02
5.417272727272727479e+02 5.982727272727272521e+02
5.690000000000000000e+02 5.982727272727272521e+02
5.962727272727272521e+02 5.982727272727272521e+02
6.235454545454545041e+02 5.982727272727272521e+02
6.508181818181818699e+02 5.982727272727272521e+02
6.780909090909091219e+02 5.982727272727272521e+02
7.053636363636363740e+02 5.982727272727272521e+02
7.326363636363636260e+02 5.982727272727272521e+02
7.599090909090908781e+02 5.982727272727272521e+02
7.871818181818181301e+02 5.982727272727272521e+02
8.144545454545454959e+02 5.982727272727272521e+02
8.417272727272727479e+02 5.982727272727272521e+02
8.690000000000000000e+02 5.982727272727272521e+02
1.599090909090909065e+02 6.255454545454545041e+02
1.871818181818181870e+02 6.255454545454545041e+02
2.144545454545454390e+02 6.255454545454545041e+02
2.417272727272727479e+02 6.255454545454545041e+02
2.690000000000000000e+02 6.255454545454545041e+02
2.962727272727272521e+02 6.255454545454545041e+02
3.235454545454545041e+02 6.255454545454545041e+02
3.508181818181818130e+02 6.255454545454545041e+02
3.780909090909091219e+02 6.255454545454545041e+02
4.053636363636363740e+02 6.255454545454545041e+02
4.326363636363636260e+02 6.255454545454545041e+02
4.599090909090908781e+02 6.255454545454545041e+02
4.871818181818181870e+02 6.255454545454545041e+02
5.144545454545454959e+02 6.255454545454545041e+02
5.417272727272727479e+02 6.255454545454545041e+02
5.690000000000000000e+02 6.255454545454545041e+02
5.962727272727272521e+02 6.255454545454545041e+02
6.235454545454545041e+02 6.255454545454545041e+02
6.508181818181818699e+02 6.255454545454545041e+02
6.780909090909091219e+02 6.255454545454545041e+02
7.053636363636363740e+02 6.255454545454545041e+02
7.326363636363636260e+02 6.255454545454545041e+02
7.599090909090908781e+02 6.255454545454545041e+02
7.871818181818181301e+02 6.255454545454545041e+02
8.144545454545454959e+02 6.255454545454545041e+02
8.417272727272727479e+02 6.255454545454545041e+02
8.690000000000000000e+02 6.255454545454545041e+02
1.599090909090909065e+02 6.528181818181818699e+02
1.871818181818181870e+02 6.528181818181818699e+02
2.144545454545454390e+02 6.528181818181818699e+02
2.417272727272727479e+02 6.528181818181818699e+02
2.690000000000000000e+02 6.528181818181818699e+02
2.962727272727272521e+02 6.528181818181818699e+02
3.235454545454545041e+02 6.528181818181818699e+02
3.508181818181818130e+02 6.528181818181818699e+02
3.780909090909091219e+02 6.528181818181818699e+02
4.053636363636363740e+02 6.528181818181818699e+02
4.326363636363636260e+02 6.528181818181818699e+02
4.599090909090908781e+02 6.528181818181818699e+02
4.871818181818181870e+02 6.528181818181818699e+02
5.144545454545454959e+02 6.528181818181818699e+02
5.417272727272727479e+02 6.528181818181818699e+02
5.690000000000000000e+02 6.528181818181818699e+02
5.962727272727272521e+02 6.528181818181818699e+02
6.235454545454545041e+02 6.528181818181818699e+02
6.508181818181818699e+02 6.528181818181818699e+02
6.780909090909091219e+02 6.528181818181818699e+02
7.053636363636363740e+02 6.528181818181818699e+02
7.326363636363636260e+02 6.528181818181818699e+02
7.599090909090908781e+02 6.528181818181818699e+02
7.871818181818181301e+02 6.528181818181818699e+02
8.144545454545454959e+02 6.528181818181818699e+02
8.417272727272727479e+02 6.528181818181818699e+02
8.690000000000000000e+02 6.528181818181818699e+02
1.871818181818181870e+02 6.800909090909091219e+02
2.144545454545454390e+02 6.800909090909091219e+02
2.417272727272727479e+02 6.800909090909091219e+02
2.690000000000000000e+02 6.800909090909091219e+02
2.962727272727272521e+02 6.800909090909091219e+02
3.235454545454545041e+02 6.800909090909091219e+02
3.508181818181818130e+02 6.800909090909091219e+02
3.780909090909091219e+02 6.800909090909091219e+02
4.053636363636363740e+02 6.800909090909091219e+02
4.326363636363636260e+02 6.800909090909091219e+02
4.599090909090908781e+02 6.800909090909091219e+02
4.871818181818181870e+02 6.800909090909091219e+02
5.144545454545454959e+02 6.800909090909091219e+02
5.417272727272727479e+02 6.800909090909091219e+02
5.690000000000000000e+02 6.800909090909091219e+02
5.962727272727272521e+02 6.800909090909091219e+02
6.235454545454545041e+02 6.800909090909091219e+02
6.508181818181818699e+02 6.800909090909091219e+02
6.780909090909091219e+02 6.800909090909091219e+02
7.053636363636363740e+02 6.800909090909091219e+02
7.326363636363636260e+02 6.800909090909091219e+02
7.599090909090908781e+02 6.800909090909091219e+02
7.871818181818181301e+02 6.800909090909091219e+02
8.144545454545454959e+02 6.800909090909091219e+02
8.417272727272727479e+02 6.800909090909091219e+02
1.871818181818181870e+02 7.073636363636363740e+02
2.144545454545454390e+02 7.073636363636363740e+02
2.417272727272727479e+02 7.073636363636363740e+02
2.690000000000000000e+02 7.073636363636363740e+02
2.962727272727272521e+02 7.073636363636363740e+02
3.235454545454545041e+02 7.073636363636363740e+02
3.508181818181818130e+02 7.073636363636363740e+02
3.780909090909091219e+02 7.073636363636363740e+02
4.053636363636363740e+02 7.073636363636363740e+02
4.326363636363636260e+02 7.073636363636363740e+02
4.599090909090908781e+02 7.073636363636363740e+02
4.871818181818181870e+02 7.073636363636363740e+02
5.144545454545454959e+02 7.073636363636363740e+02
5.417272727272727479e+02 7.073636363636363740e+02
5.690000000000000000e+02 7.073636363636363740e+02
5.962727272727272521e+02 7.073636363636363740e+02
6.235454545454545041e+02 7.073636363636363740e+02
6.508181818181818699e+02 7.073636363636363740e+02
6.780909090909091219e+02 7.073636363636363740e+02
7.053636363636363740e+02 7.073636363636363740e+02
7.326363636363636260e+02 7.073636363636363740e+02
7.599090909090908781e+02 7.073636363636363740e+02
7.871818181818181301e+02 7.073636363636363740e+02
8.144545454545454959e+02 7.073636363636363740e+02
8.417272727272727479e+02 7.073636363636363740e+02
2.144545454545454390e+02 7.346363636363636260e+02
2.417272727272727479e+02 7.346363636363636260e+02
2.690000000000000000e+02 7.346363636363636260e+02
2.962727272727272521e+02 7.346363636363636260e+02
3.235454545454545041e+02 7.346363636363636260e+02
3.508181818181818130e+02 7.346363636363636260e+02
3.780909090909091219e+02 7.346363636363636260e+02
4.053636363636363740e+02 7.346363636363636260e+02
4.326363636363636260e+02 7.346363636363636260e+02
4.599090909090908781e+02 7.346363636363636260e+02
4.871818181818181870e+02 7.346363636363636260e+02
5.144545454545454959e+02 7.346363636363636260e+02
5.417272727272727479e+02 7.346363636363636260e+02
5.690000000000000000e+02 7.346363636363636260e+02
5.962727272727272521e+02 7.346363636363636260e+02
6.235454545454545041e+02 7.346363636363636260e+02
6.508181818181818699e+02 7.346363636363636260e+02
6.780909090909091219e+02 7.346363636363636260e+02
7.053636363636363740e+02 7.346363636363636260e+02
7.326363636363636260e+02 7.346363636363636260e+02
7.599090909090908781e+02 7.346363636363636260e+02
7.871818181818181301e+02 7.346363636363636260e+02
8.144545454545454959e+02 7.346363636363636260e+02
2.417272727272727479e+02 7.619090909090908781e+02
2.690000000000000000e+02 7.619090909090908781e+02
2.962727272727272521e+02 7.619090909090908781e+02
3.235454545454545041e+02 7.619090909090908781e+02
3.508181818181818130e+02 7.619090909090908781e+02
3.780909090909091219e+02 7.619090909090908781e+02
4.053636363636363740e+02 7.619090909090908781e+02
4.326363636363636260e+02 7.619090909090908781e+02
4.599090909090908781e+02 7.619090909090908781e+02
4.871818181818181870e+02 7.619090909090908781e+02
5.144545454545454959e+02 7.619090909090908781e+02
5.417272727272727479e+02 7.619090909090908781e+02
5.690000000000000000e+02 7.619090909090908781e+02
5.962727272727272521e+02 7.619090909090908781e+02
6.235454545454545041e+02 7.619090909090908781e+02
6.508181818181818699e+02 7.619090909090908781e+02
6.780909090909091219e+02 7.619090909090908781e+02
7.053636363636363740e+02 7.619090909090908781e+02
7.326363636363636260e+02 7.619090909090908781e+02
7.599090909090908781e+02 7.619090909090908781e+02
7.871818181818181301e+02 7.619090909090908781e+02
2.690000000000000000e+02 7.891818181818181301e+02
2.962727272727272521e+02 7.891818181818181301e+02
3.235454545454545041e+02 7.891818181818181301e+02
3.508181818181818130e+02 7.891818181818181301e+02
3.780909090909091219e+02 7.891818181818181301e+02
4.053636363636363740e+02 7.891818181818181301e+02
4.326363636363636260e+02 7.891818181818181301e+02
4.599090909090908781e+02 7.891818181818181301e+02
4.871818181818181870e+02 7.891818181818181301e+02
5.144545454545454959e+02 7.891818181818181301e+02
5.417272727272727479e+02 7.891818181818181301e+02
5.690000000000000000e+02 7.891818181818181301e+02
5.962727272727272521e+02 7.891818181818181301e+02
6.235454545454545041e+02 7.891818181818181301e+02
6.508181818181818699e+02 7.891818181818181301e+02
6.780909090909091219e+02 7.891818181818181301e+02
7.053636363636363740e+02 7.891818181818181301e+02
7.326363636363636260e+02 7.891818181818181301e+02
7.599090909090908781e+02 7.891818181818181301e+02
2.962727272727272521e+02 8.164545454545454959e+02
3.235454545454545041e+02 8.164545454545454959e+02
3.508181818181818130e+02 8.164545454545454959e+02
3.780909090909091219e+02 8.164545454545454959e+02
4.053636363636363740e+02 8.164545454545454959e+02
4.326363636363636260e+02 8.164545454545454959e+02
4.599090909090908781e+02 8.164545454545454959e+02
4.871818181818181870e+02 8.164545454545454959e+02
5.144545454545454959e+02 8.164545454545454959e+02
5.417272727272727479e+02 8.164545454545454959e+02
5.690000000000000000e+02 8.164545454545454959e+02
5.962727272727272521e+02 8.164545454545454959e+02
6.235454545454545041e+02 8.164545454545454959e+02
6.508181818181818699e+02 8.164545454545454959e+02
6.780909090909091219e+02 8.164545454545454959e+02
7.053636363636363740e+02 8.164545454545454959e+02
7.326363636363636260e+02 8.164545454545454959e+02
3.235454545454545041e+02 8.437272727272727479e+02
3.508181818181818130e+02 8.437272727272727479e+02
3.780909090909091219e+02 8.437272727272727479e+02
4.053636363636363740e+02 8.437272727272727479e+02
4.326363636363636260e+02 8.437272727272727479e+02
4.599090909090908781e+02 8.437272727272727479e+02
4.871818181818181870e+02 8.437272727272727479e+02
5.144545454545454959e+02 8.437272727272727479e+02
5.417272727272727479e+02 8.437272727272727479e+02
5.690000000000000000e+02 8.437272727272727479e+02
5.962727272727272521e+02 8.437272727272727479e+02
6.235454545454545041e+02 8.437272727272727479e+02
6.508181818181818699e+02 8.437272727272727479e+02
6.780909090909091219e+02 8.437272727272727479e+02
7.053636363636363740e+02 8.437272727272727479e+02
3.780909090909091219e+02 8.710000000000000000e+02
4.053636363636363740e+02 8.710000000000000000e+02
4.326363636363636260e+02 8.710000000000000000e+02
4.599090909090908781e+02 8.710000000000000000e+02
4.871818181818181870e+02 8.710000000000000000e+02
5.144545454545454959e+02 8.710000000000000000e+02
5.417272727272727479e+02 8.710000000000000000e+02
5.690000000000000000e+02 8.710000000000000000e+02
5.962727272727272521e+02 8.710000000000000000e+02
6.235454545454545041e+02 8.710000000000000000e+02
6.508181818181818699e+02 8.710000000000000000e+02
4.871818181818181870e+02 8.982727272727272521e+02
5.144545454545454959e+02 8.982727272727272521e+02
5.417272727272727479e+02 8.982727272727272521e+02
