486.51 131.73
513.99 131.79
541.25 131.74
376.61 159.26
404.05 159.22
431.55 159.21
459.00 159.22
486.58 159.20
514.01 159.15
541.30 159.17
568.83 159.13
596.34 159.13
623.85 159.08
651.30 159.10
321.68 186.70
349.09 186.65
376.64 186.68
404.02 186.66
431.55 186.69
459.05 186.60
486.60 186.66
514.00 186.58
541.34 186.52
568.88 186.54
596.37 186.57
623.84 186.55
651.30 186.52
678.86 186.51
706.34 186.50
294.23 214.11
321.72 214.12
349.11 214.12
376.58 214.09
404.09 214.08
431.56 214.08
459.00 214.02
486.54 214.03
513.99 214.02
541.35 214.00
568.88 214.00
596.33 213.98
623.85 213.96
651.34 213.93
678.89 213.90
706.32 213.91
733.85 213.89
266.80 241.62
294.24 241.63
321.73 241.57
349.12 241.55
376.66 241.54
404.07 241.56
431.60 241.54
459.04 241.52
486.61 241.50
514.01 241.47
541.34 241.49
568.90 241.46
596.38 241.46
623.88 241.40
651.30 241.43
678.87 241.35
706.38 241.35
733.81 241.32
761.29 241.32
239.24 269.01
266.80 269.02
294.28 269.03
321.78 269.04
349.14 269.02
376.64 269.00
404.11 268.99
431.60 268.97
459.07 268.95
486.64 268.96
514.06 268.93
541.37 268.93
568.93 268.91
596.40 268.91
623.91 268.88
651.33 268.88
678.90 268.82
706.40 268.81
733.84 268.76
761.27 268.80
788.81 268.76
211.81 296.60
239.32 296.59
266.78 296.59
294.31 296.55
321.74 296.54
349.13 296.49
376.67 296.47
404.10 296.50
431.59 296.48
459.07 296.44
486.62 296.42
514.08 296.37
541.32 296.30
568.93 296.40
596.41 296.32
623.87 296.28
651.36 296.29
678.89 296.25
706.39 296.24
733.86 296.22
761.31 296.19
788.76 296.19
816.23 296.18
184.39 324.04
211.74 324.10
239.29 324.09
266.80 324.04
294.27 324.01
321.79 323.99
349.12 324.01
376.68 324.02
404.13 323.97
431.62 324.00
459.11 323.89
486.64 323.92
514.04 323.90
541.40 323.94
568.97 323.93
596.36 323.87
623.92 323.87
651.36 323.85
678.94 323.83
706.35 323.83
733.92 323.67
761.30 323.84
788.79 323.84
816.28 323.78
843.74 323.71
184.40 351.52
211.85 351.55
239.33 351.48
266.85 351.52
294.30 351.48
321.79 351.46
349.15 351.46
376.69 351.35
404.14 351.38
431.61 351.43
459.07 351.41
486.65 351.32
514.13 351.25
541.37 351.24
568.94 351.25
596.43 351.23
623.95 351.19
651.39 351.26
678.91 351.18
706.44 351.21
733.91 351.20
761.29 351.15
788.81 351.13
816.29 351.12
843.75 351.11
156.97 379.07
184.47 379.05
211.83 379.04
239.27 379.00
266.88 379.04
294.34 379.04
321.79 379.00
349.15 378.98
376.70 378.98
404.14 378.95
431.67 378.96
459.15 378.93
486.66 378.94
514.13 378.91
541.38 378.92
568.97 378.89
596.45 378.87
623.98 378.84
651.44 378.76
678.94 378.80
706.45 378.78
733.88 378.78
761.32 378.74
788.89 378.75
816.27 378.71
843.83 378.71
871.21 378.69
156.93 406.66
184.48 406.66
211.88 406.61
239.40 406.66
266.90 406.59
294.32 406.55
321.85 406.51
349.19 406.44
376.73 406.47
404.18 406.50
431.64 406.40
459.19 406.37
486.66 406.40
514.10 406.34
541.43 406.36
569.01 406.32
596.46 406.31
623.96 406.33
651.43 406.30
678.95 406.26
706.45 406.24
733.90 406.27
761.32 406.25
788.88 406.22
816.33 406.18
843.81 406.14
871.26 406.17
156.99 434.04
184.49 434.03
211.86 433.98
239.39 434.01
266.87 433.96
294.35 433.93
321.85 433.94
349.22 433.92
376.77 433.92
404.19 433.85
431.67 433.90
459.15 433.90
486.75 433.82
514.14 433.84
541.45 433.84
569.02 433.83
596.50 433.79
624.00 433.78
651.42 433.77
678.99 433.71
706.47 433.77
733.93 433.73
761.38 433.71
788.87 433.66
816.29 433.65
843.88 433.68
871.24 433.64
157.01 461.53
184.51 461.51
211.86 461.43
239.43 461.47
266.90 461.50
294.45 461.44
321.86 461.37
349.23 461.31
376.78 461.35
404.19 461.30
431.71 461.33
459.17 461.27
486.75 461.27
514.23 461.30
541.57 461.22
569.04 461.25
596.57 461.22
624.03 461.20
651.47 461.18
679.04 461.20
706.53 461.17
733.99 461.16
761.40 461.13
788.88 461.12
816.32 461.08
843.88 461.07
871.30 461.06
129.66 488.91
157.00 488.89
184.47 488.91
211.91 488.87
239.38 488.81
266.94 488.86
294.39 488.83
321.86 488.84
349.24 488.83
376.81 488.78
404.24 488.76
431.66 488.77
459.19 488.79
486.69 488.74
514.14 488.74
541.56 488.75
569.04 488.71
596.51 488.71
624.04 488.67
651.45 488.62
679.01 488.64
706.53 488.62
733.95 488.60
761.44 488.59
788.91 488.55
816.33 488.53
843.90 488.56
871.28 488.51
898.88 488.50
129.60 516.38
157.02 516.38
184.42 516.34
211.89 516.38
239.43 516.34
266.93 516.30
294.44 516.27
321.86 516.30
349.24 516.26
376.76 516.25
404.26 516.28
431.73 516.27
459.24 516.23
486.75 516.20
514.20 516.24
541.56 516.17
569.06 516.18
596.61 516.12
624.04 516.12
651.49 516.08
679.06 516.08
706.51 516.08
733.99 516.08
761.39 516.05
788.93 516.04
816.37 516.03
843.92 516.02
871.34 515.99
898.89 516.00
129.65 543.83
157.01 543.85
184.53 543.83
211.98 543.82
239.42 543.76
266.97 543.79
294.47 543.71
321.91 543.73
349.24 543.70
376.79 543.68
404.23 543.71
431.71 543.68
459.22 543.63
486.79 543.56
514.18 543.55
541.57 543.58
569.05 543.59
596.61 543.58
624.11 543.57
651.48 543.55
679.08 543.57
706.54 543.56
734.00 543.55
761.44 543.47
788.92 543.46
816.34 543.46
843.91 543.38
871.33 543.38
898.88 543.37
157.07 571.35
184.48 571.34
211.96 571.33
239.45 571.31
266.95 571.31
294.52 571.29
321.92 571.29
349.29 571.25
376.80 571.26
404.27 571.24
431.74 571.24
459.26 571.23
486.83 571.21
514.23 571.21
541.59 571.15
569.12 571.16
596.60 571.12
624.12 571.08
651.62 571.11
679.09 571.11
706.59 571.08
733.99 571.07
761.47 571.04
788.95 571.01
816.38 570.99
843.91 570.99
871.35 570.94
157.07 598.89
184.57 598.88
211.95 598.86
239.49 598.84
267.02 598.84
294.54 598.80
321.92 598.82
349.30 598.79
376.84 598.75
404.27 598.73
431.76 598.74
459.29 598.72
486.80 598.74
514.25 598.66
541.61 598.69
569.12 598.69
596.63 598.68
624.11 598.64
651.64 598.64
679.09 598.57
706.54 598.57
734.05 598.54
761.48 598.52
788.96 598.50
816.40 598.52
843.93 598.47
871.38 598.46
157.10 626.45
184.74 626.64
212.00 626.40
239.48 626.42
267.02 626.39
294.54 626.35
321.94 626.31
349.31 626.32
376.84 626.28
404.39 626.26
431.78 626.26
459.30 626.26
486.78 626.29
514.23 626.24
541.65 626.23
569.14 626.18
596.60 626.21
624.14 626.16
651.60 626.23
679.18 626.20
706.31 625.42
734.07 626.13
761.50 626.06
789.00 626.03
816.38 626.04
843.97 626.05
871.35 626.01
157.08 653.88
184.68 653.72
211.95 653.75
239.53 653.81
267.00 653.79
294.55 653.75
321.97 653.75
349.32 653.77
376.85 653.72
404.36 653.74
431.81 653.68
459.32 653.66
486.85 653.69
514.27 653.63
541.69 653.62
569.18 653.61
596.67 653.63
624.17 653.61
651.64 653.57
679.19 653.47
706.57 653.44
734.08 653.47
761.54 653.44
789.01 653.45
816.44 653.42
843.96 653.40
871.44 653.42
184.52 681.28
212.01 681.25
239.53 681.26
266.98 681.23
294.60 681.24
321.96 681.20
349.48 681.25
376.90 681.20
404.32 681.16
431.81 681.18
459.34 681.13
486.85 681.11
514.25 681.19
541.72 681.05
569.21 681.06
596.71 681.07
624.20 681.03
651.65 681.02
679.16 681.01
706.58 680.99
734.04 681.01
761.55 680.99
789.04 680.99
816.44 680.90
844.03 680.94
184.57 708.72
212.04 708.76
239.50 708.70
267.06 708.74
294.55 708.72
321.99 708.72
349.35 708.70
376.94 708.69
404.38 708.68
431.82 708.69
459.34 708.61
486.90 708.55
514.26 708.53
541.73 708.55
569.20 708.53
596.70 708.49
624.21 708.49
651.82 708.51
679.20 708.43
706.61 708.46
734.11 708.47
761.50 708.43
789.07 708.41
816.50 708.36
844.04 708.36
212.03 736.16
239.54 736.19
267.03 736.13
294.63 736.11
321.98 736.09
349.44 736.06
376.90 736.02
404.36 736.05
431.83 736.02
459.35 736.02
486.89 735.98
514.32 736.00
541.70 735.99
569.20 735.95
596.74 735.94
624.21 735.91
651.72 735.91
679.18 735.88
706.85 735.97
734.15 735.83
761.53 735.85
789.06 735.83
816.47 735.82
239.58 763.63
267.06 763.65
294.62 763.56
322.01 763.50
349.41 763.49
376.94 763.49
404.41 763.47
431.86 763.48
459.36 763.45
486.88 763.48
514.37 763.45
541.69 763.44
569.20 763.41
596.74 763.45
624.18 763.35
651.67 763.38
679.20 763.35
706.74 763.34
734.15 763.32
761.62 763.31
789.07 763.29
267.11 791.04
294.63 791.07
322.00 791.07
349.50 790.98
376.98 790.99
404.37 790.97
431.92 790.97
459.37 790.98
486.89 790.93
514.38 790.93
541.72 790.91
569.23 790.96
596.73 790.90
624.25 790.90
651.71 790.86
679.21 790.84
706.72 790.85
734.13 790.80
761.51 790.86
294.63 818.54
322.04 818.53
349.49 818.54
376.99 818.49
404.41 818.47
431.90 818.40
459.41 818.40
486.89 818.44
514.36 818.40
541.76 818.42
569.25 818.39
596.80 818.39
624.24 818.37
651.74 818.33
679.24 818.31
706.74 818.32
734.18 818.34
322.07 845.97
349.51 845.96
377.01 846.00
404.41 845.96
431.90 846.01
459.37 845.97
486.95 845.93
514.40 845.89
541.74 845.88
569.32 845.88
596.83 845.88
624.24 845.87
651.75 845.86
679.29 845.83
706.76 845.82
377.02 873.62
404.45 873.59
431.90 873.57
459.52 873.54
486.95 873.56
514.45 873.54
541.73 873.53
569.34 873.52
596.89 873.73
624.25 873.46
651.74 873.45
487.00 901.08
514.47 901.05
541.77 900.95
