490.89 137.45
518.72 138.06
546.18 137.95
381.85 164.68
409.65 165.21
437.05 165.07
464.11 165.20
491.25 165.15
518.50 165.31
546.08 165.18
573.23 165.29
600.36 165.22
627.88 165.03
655.30 165.19
327.64 191.69
355.12 192.26
382.20 192.24
409.47 192.45
436.85 192.32
464.09 192.33
491.29 192.27
518.53 192.30
546.05 192.19
573.08 192.26
600.25 192.35
627.71 192.30
655.09 192.27
682.38 192.47
709.46 192.39
299.97 218.87
327.75 219.28
355.11 219.38
382.42 219.49
409.54 219.47
437.09 219.31
464.23 219.50
491.39 219.52
518.53 219.55
546.00 219.31
573.17 219.37
600.35 219.44
627.85 219.29
655.13 219.39
682.27 219.56
709.62 219.59
737.10 219.64
272.77 246.47
300.33 246.96
327.97 246.82
355.17 246.94
382.39 246.96
409.59 247.03
436.96 246.87
464.21 246.93
491.31 246.94
518.56 246.94
546.01 246.85
573.12 246.92
600.43 247.00
627.87 246.79
655.03 246.78
682.34 246.97
709.51 247.05
737.18 247.02
764.31 247.25
245.73 273.61
273.05 273.89
300.53 274.25
327.88 274.00
355.07 274.10
382.21 274.05
409.47 274.05
436.83 274.00
464.07 274.02
491.26 274.02
518.44 274.01
545.90 273.91
573.15 274.07
600.28 274.10
627.77 273.94
654.93 273.89
682.17 274.09
709.39 274.05
736.88 274.01
764.19 274.10
791.41 274.43
218.21 300.72
245.88 300.94
273.30 301.34
300.50 301.34
327.98 301.27
355.06 301.18
382.26 301.17
409.40 301.17
436.88 301.06
464.08 301.14
491.28 301.20
518.57 301.23
545.93 301.02
573.18 301.12
600.35 301.19
627.77 301.06
654.95 301.13
682.14 301.15
709.37 301.26
736.88 301.14
764.07 301.28
791.31 301.20
818.59 301.60
191.02 328.56
218.73 328.72
246.13 328.81
273.38 328.90
300.63 328.85
327.99 328.78
355.25 328.76
382.38 328.74
409.57 328.81
437.02 328.68
464.24 328.66
491.44 328.71
518.64 328.72
546.11 328.61
573.36 328.65
600.53 328.69
627.91 328.64
655.13 328.63
682.33 328.73
709.52 328.78
736.99 328.69
764.20 328.77
791.51 328.97
818.60 328.90
846.29 329.00
190.76 355.18
218.69 356.05
246.20 356.03
273.32 356.01
300.44 355.98
327.93 355.94
355.11 355.87
382.25 355.90
409.46 355.88
436.95 355.80
464.11 355.83
491.36 355.88
518.50 355.86
545.95 355.79
573.26 355.86
600.43 355.88
627.88 355.71
655.07 355.83
682.24 355.82
709.43 355.95
736.94 355.82
764.15 355.89
791.38 355.93
818.61 356.14
846.02 355.78
163.85 382.68
191.50 383.07
218.59 383.18
246.03 383.15
273.25 383.15
300.42 383.15
327.80 382.93
354.99 382.99
382.16 382.99
409.38 383.04
436.83 382.93
464.02 383.01
491.25 383.01
518.49 383.11
545.94 382.97
573.18 383.02
600.36 383.02
627.84 382.94
654.96 382.94
682.23 383.03
709.34 383.00
736.83 382.97
764.06 383.00
791.26 383.08
818.49 383.22
846.05 383.09
873.33 383.16
163.63 409.73
191.44 410.21
218.59 410.44
246.10 410.28
273.23 410.28
300.41 410.32
327.85 410.17
355.01 410.16
382.21 410.13
409.38 410.20
436.90 410.13
464.06 410.14
491.29 410.22
518.54 410.31
546.02 410.14
573.20 410.23
600.48 410.31
627.85 410.05
655.06 410.09
682.28 410.18
709.42 410.22
736.87 410.06
764.10 410.17
791.30 410.23
818.51 410.30
845.96 410.28
873.24 410.12
163.72 437.27
191.58 437.71
218.63 438.01
246.17 437.87
273.31 437.77
300.47 437.84
327.87 437.71
355.07 437.70
382.35 437.73
409.55 437.82
436.96 437.69
464.21 437.74
491.46 437.82
518.57 437.82
546.03 437.69
573.33 437.81
600.53 437.81
627.96 437.68
655.16 437.75
682.35 437.73
709.53 437.75
737.01 437.67
764.17 437.68
791.45 437.82
818.62 437.86
846.02 437.78
873.58 437.82
163.74 464.29
191.39 464.83
218.63 465.05
246.03 464.95
273.20 464.95
300.37 465.02
327.74 464.85
355.00 464.86
382.24 464.94
409.47 464.94
436.87 464.85
464.03 464.85
491.33 464.94
518.45 464.96
545.97 464.88
573.23 464.95
600.36 464.92
627.85 464.85
655.07 464.88
682.29 464.92
709.52 464.96
736.88 464.79
764.10 464.89
791.35 464.92
818.51 464.95
846.03 464.93
873.33 464.87
136.78 491.82
164.25 491.88
191.38 492.10
218.57 492.22
245.94 491.97
273.09 492.01
300.25 492.10
327.72 491.96
354.92 492.01
382.20 492.07
409.36 492.09
436.83 491.97
464.06 492.07
491.26 492.09
518.48 492.18
545.98 492.06
573.11 492.11
600.33 492.10
627.81 491.94
654.97 492.07
682.23 492.10
709.37 492.05
736.89 492.04
764.07 492.02
791.24 492.03
818.44 492.05
845.89 491.97
873.24 492.05
900.51 492.34
136.45 518.67
164.31 519.08
191.37 519.32
218.69 519.36
245.97 519.15
273.15 519.23
300.29 519.32
327.83 519.18
355.00 519.20
382.25 519.25
409.41 519.28
436.93 519.18
464.08 519.21
491.35 519.28
518.54 519.33
546.02 519.26
573.21 519.25
600.42 519.33
627.86 519.19
655.10 519.26
682.33 519.24
709.48 519.29
736.93 519.25
764.07 519.25
791.32 519.21
818.49 519.24
846.03 519.21
873.15 519.24
900.39 519.26
136.48 546.36
164.37 546.72
191.54 546.94
218.60 546.82
246.10 546.80
273.25 546.85
300.43 546.94
327.87 546.80
355.12 546.75
382.36 546.85
409.49 546.88
437.00 546.79
464.19 546.81
491.37 546.83
518.65 546.89
546.02 546.78
573.25 546.83
600.44 546.88
627.91 546.78
655.13 546.80
682.40 546.85
709.54 546.85
737.00 546.80
764.23 546.86
791.35 546.78
818.55 546.76
845.95 546.70
873.20 546.74
900.51 546.94
163.81 573.45
191.48 573.96
218.54 574.02
245.92 573.86
273.12 573.89
300.29 573.98
327.75 573.92
354.98 573.89
382.20 573.99
409.41 573.99
436.91 573.87
464.09 573.98
491.33 574.02
518.47 573.97
545.94 573.91
573.19 573.99
600.37 574.01
627.81 573.86
655.03 573.99
682.23 574.00
709.47 573.97
736.88 573.91
763.99 573.86
791.31 573.95
818.48 573.96
845.86 573.82
873.16 573.86
163.59 600.39
191.49 600.99
218.44 601.18
245.96 601.02
273.20 601.08
300.33 601.18
327.78 601.02
354.96 601.11
382.22 601.15
409.37 601.15
436.93 601.08
464.03 601.06
491.27 601.17
518.52 601.19
545.93 601.04
573.17 601.12
600.42 601.22
627.80 601.08
654.99 601.05
682.20 601.16
709.48 601.22
736.92 601.02
764.02 601.05
791.25 601.00
818.49 601.03
845.83 601.03
873.29 600.92
163.65 628.10
191.59 628.51
218.63 628.79
246.00 628.57
273.27 628.61
300.52 628.74
327.86 628.56
355.11 628.69
382.38 628.73
409.57 628.77
436.98 628.61
464.21 628.64
491.44 628.69
518.64 628.73
546.16 628.64
573.37 628.70
600.55 628.74
628.01 628.61
655.21 628.69
682.40 628.71
709.60 628.72
736.97 628.56
764.17 628.51
791.38 628.56
818.58 628.62
845.98 628.50
873.34 628.54
163.68 655.37
191.46 655.76
218.65 655.92
246.03 655.78
273.12 655.79
300.41 655.82
327.83 655.73
355.00 655.84
382.28 655.90
409.48 655.94
436.91 655.80
464.14 655.83
491.36 655.86
518.68 655.95
546.09 655.82
573.29 655.87
600.52 655.89
627.88 655.75
655.09 655.80
682.31 655.88
709.49 655.87
736.92 655.71
764.16 655.73
791.35 655.82
818.42 655.81
846.05 655.79
873.32 655.87
191.02 682.63
218.59 682.94
246.01 682.98
273.15 682.98
300.33 682.98
327.78 682.85
355.00 682.94
382.15 682.97
409.37 683.04
436.84 682.89
464.00 682.94
491.28 683.04
518.53 683.10
545.95 682.98
573.10 682.94
600.35 683.00
627.78 682.83
655.01 682.96
682.21 683.00
709.39 682.98
736.82 682.82
764.03 682.88
791.30 682.92
818.40 683.00
846.03 682.93
190.69 709.48
218.62 710.22
246.05 710.13
273.19 710.17
300.43 710.21
327.79 710.01
354.98 710.01
382.12 710.05
409.43 710.17
436.87 710.15
464.06 710.15
491.34 710.18
518.53 710.23
545.97 710.11
573.13 710.21
600.34 710.18
627.83 710.05
655.01 710.10
682.14 710.06
709.38 710.13
736.78 709.92
764.08 710.03
791.22 710.06
818.44 710.32
846.12 710.11
218.14 737.24
246.13 737.78
273.27 737.64
300.48 737.75
327.91 737.62
355.12 737.71
382.28 737.66
409.47 737.80
436.94 737.68
464.17 737.69
491.40 737.72
518.68 737.78
546.04 737.67
573.26 737.72
600.44 737.77
627.96 737.64
655.06 737.62
682.27 737.60
709.46 737.68
736.96 737.60
764.12 737.62
791.37 737.75
818.47 737.82
245.74 764.41
273.30 764.95
300.42 764.78
327.91 764.77
355.08 764.89
382.27 764.93
409.41 764.88
436.83 764.75
464.09 764.85
491.31 764.95
518.55 764.93
545.92 764.73
573.12 764.79
600.33 764.79
627.75 764.78
655.01 764.86
682.16 764.82
709.47 764.99
736.89 764.78
764.14 764.80
791.29 764.97
272.92 791.58
300.31 792.01
327.81 791.86
354.98 791.98
382.18 792.05
409.44 792.13
436.82 791.95
464.03 792.03
491.18 792.04
518.40 792.03
545.87 791.91
573.01 791.96
600.17 792.05
627.69 791.88
654.82 791.89
682.14 792.07
709.39 792.06
736.83 791.78
764.03 792.07
300.11 818.77
327.78 818.94
355.02 819.02
382.25 819.19
409.46 819.31
436.97 819.17
463.98 819.12
491.25 819.17
518.37 819.18
545.90 819.09
572.95 819.11
600.21 819.18
627.67 818.98
654.91 818.98
682.13 819.15
709.44 819.10
736.99 819.22
327.67 846.45
355.10 846.71
382.31 846.69
409.50 846.61
436.89 846.56
464.20 846.64
491.38 846.64
518.54 846.75
546.01 846.53
573.17 846.57
600.37 846.59
627.78 846.53
655.08 846.64
682.31 846.77
709.39 846.90
381.78 873.50
409.42 874.00
436.92 873.95
464.09 873.95
491.33 873.90
518.41 873.83
545.96 873.77
573.11 873.96
600.27 873.99
627.78 873.89
655.07 873.86
490.81 900.59
518.48 901.14
546.09 901.08
