495.54 38.09
540.67 37.84
359.83 83.67
405.21 83.84
450.35 83.47
495.55 83.99
540.82 83.78
586.39 83.92
632.13 84.34
677.95 84.62
268.60 129.50
314.02 129.72
359.52 129.47
404.84 129.24
450.05 129.17
495.48 129.60
541.31 129.86
586.45 129.96
632.32 129.55
678.47 130.07
723.37 130.55
768.05 130.22
223.20 174.42
268.55 174.39
313.92 174.32
359.21 174.31
404.78 174.97
450.14 174.95
495.87 175.09
540.81 174.91
586.35 174.92
632.47 175.42
678.48 174.80
723.15 174.51
767.86 174.85
813.32 175.06
177.76 219.28
223.05 219.45
268.76 219.90
313.80 219.64
359.26 219.77
404.95 219.98
450.16 219.74
495.47 219.87
540.73 220.12
586.24 220.12
632.27 220.13
677.76 219.85
723.23 219.60
768.34 219.75
813.49 220.06
858.50 220.74
177.95 265.68
223.17 265.44
268.12 265.43
313.36 264.89
359.36 265.03
404.98 265.30
450.61 265.46
495.35 265.37
540.73 265.44
586.30 265.37
632.29 265.14
677.53 265.27
723.44 265.92
768.67 265.86
813.53 266.11
858.45 266.43
131.91 311.45
178.04 311.84
222.99 311.63
267.54 311.27
313.54 311.10
359.29 310.51
404.66 310.57
450.10 310.14
495.42 310.94
540.50 311.11
586.11 310.76
632.21 310.60
677.73 311.12
723.25 311.80
768.82 311.38
814.05 311.74
858.73 311.92
904.62 312.50
132.20 356.31
178.07 356.77
222.87 356.68
267.36 356.71
313.14 355.96
358.90 356.19
404.55 355.64
450.47 356.17
495.59 356.34
540.50 356.28
585.64 356.36
632.43 356.30
678.24 356.79
723.28 356.84
768.48 356.89
813.76 356.94
859.19 357.30
904.92 357.31
131.36 401.89
177.92 401.59
223.00 401.72
267.41 402.28
312.83 401.92
358.92 401.59
404.42 401.83
450.44 401.96
495.79 402.02
540.52 402.40
585.51 402.54
632.57 402.86
678.28 402.32
723.23 402.15
768.95 402.50
813.61 402.52
859.40 402.25
905.02 401.72
83.04 447.17
131.23 446.39
177.92 446.64
223.21 447.08
267.12 447.26
312.77 446.82
358.67 447.36
404.53 446.79
450.58 446.97
496.24 447.65
540.85 447.64
585.84 447.57
632.20 447.59
678.06 447.81
723.28 447.61
768.78 447.65
813.60 447.74
859.15 447.65
904.92 447.20
952.41 447.43
82.41 493.04
130.90 493.00
177.55 492.30
222.82 492.02
267.71 492.61
312.77 492.98
358.35 493.04
404.20 492.76
451.14 492.63
496.42 492.93
540.90 493.21
585.92 493.38
631.80 492.91
678.06 492.72
723.26 493.15
768.32 492.48
813.54 492.65
858.89 493.02
905.30 493.04
952.52 493.41
130.01 537.74
177.17 537.73
222.87 537.36
268.55 538.22
313.11 538.40
357.67 538.23
403.65 537.97
450.96 537.38
496.28 538.47
540.59 538.84
585.56 538.10
631.80 537.71
677.58 538.12
722.95 538.35
768.04 538.04
813.37 538.21
858.80 538.26
905.45 537.88
129.59 584.72
176.94 583.76
222.74 583.30
268.96 583.19
313.29 583.27
357.75 583.48
403.25 584.17
450.91 583.81
496.15 582.83
540.41 582.31
585.73 583.42
632.16 583.69
677.82 583.91
722.76 583.67
767.88 583.65
813.32 583.96
858.97 584.15
905.54 584.70
128.94 630.10
176.11 629.37
222.55 628.58
268.55 628.21
313.50 628.46
358.50 629.14
403.75 630.34
449.39 629.60
494.73 627.75
541.05 627.47
586.68 628.67
632.49 629.35
678.25 629.51
723.05 629.22
768.06 629.45
813.71 629.80
859.21 629.80
905.67 629.63
175.11 674.48
222.00 673.71
268.18 673.85
313.42 673.68
359.27 673.78
404.15 674.79
448.32 674.39
493.82 674.78
541.74 674.83
587.26 675.01
632.34 674.60
677.50 674.81
722.79 674.45
768.38 674.40
814.01 674.41
859.44 675.08
174.28 719.78
221.46 719.40
268.55 719.14
313.82 719.54
359.00 719.61
403.93 719.72
448.72 720.01
494.99 720.97
541.03 721.13
586.98 720.72
631.85 720.39
677.11 720.12
722.16 719.87
767.93 719.40
814.06 719.10
860.69 720.39
221.07 765.34
268.63 765.29
313.99 764.99
358.98 764.65
404.23 764.78
449.21 765.16
495.53 765.17
540.56 765.80
586.64 765.84
631.55 765.39
676.46 764.97
722.08 765.05
767.54 765.38
814.28 765.50
267.64 811.42
313.17 810.17
358.52 809.88
404.10 810.15
449.31 809.86
495.27 809.82
541.07 809.99
586.31 810.54
631.45 810.44
676.51 810.13
722.55 810.75
768.32 811.63
358.15 856.81
403.44 856.44
449.21 856.31
494.99 855.70
541.24 856.07
586.21 856.25
631.27 856.44
676.26 856.78
495.01 903.32
540.97 902.88
