486.52 131.93
514.00 132.04
541.33 131.94
376.63 159.36
404.13 159.39
431.57 159.39
459.04 159.42
486.59 159.39
513.99 159.35
541.36 159.27
568.86 159.30
596.34 159.29
623.84 159.29
651.31 159.27
321.86 186.85
349.22 186.80
376.67 186.76
404.10 186.82
431.61 186.81
459.10 186.76
486.58 186.83
513.97 186.76
541.35 186.67
568.87 186.68
596.34 186.74
623.86 186.69
651.30 186.70
678.78 186.67
706.24 186.65
294.37 214.24
321.81 214.23
349.23 214.26
376.65 214.17
404.11 214.21
431.62 214.22
459.07 214.23
486.54 214.18
513.99 214.19
541.40 214.17
568.88 214.16
596.33 214.17
623.87 214.10
651.29 214.08
678.77 214.03
706.22 214.13
733.72 214.02
266.91 241.77
294.37 241.78
321.90 241.74
349.26 241.75
376.70 241.71
404.15 241.71
431.65 241.70
459.12 241.71
486.58 241.66
514.02 241.63
541.40 241.63
568.89 241.64
596.33 241.66
623.85 241.59
651.35 241.54
678.77 241.52
706.30 241.57
733.69 241.51
761.14 241.52
239.44 269.20
266.93 269.17
294.39 269.16
321.89 269.17
349.25 269.16
376.65 269.13
404.13 269.10
431.64 269.14
459.11 269.13
486.59 269.11
514.05 269.09
541.42 269.08
568.91 269.02
596.36 269.05
623.89 269.07
651.32 269.00
678.77 268.99
706.24 268.95
733.74 268.92
761.16 268.96
788.59 268.92
211.95 296.65
239.55 296.63
266.94 296.66
294.39 296.60
321.86 296.60
349.21 296.53
376.72 296.50
404.14 296.54
431.65 296.53
459.14 296.51
486.60 296.46
514.03 296.46
541.40 296.42
568.94 296.45
596.38 296.42
623.88 296.38
651.35 296.39
678.84 296.33
706.33 296.39
733.80 296.32
761.22 296.35
788.62 296.29
816.05 296.30
184.57 324.18
211.86 324.17
239.44 324.21
266.91 324.17
294.35 324.10
321.89 324.08
349.27 324.13
376.69 324.11
404.18 324.08
431.66 324.08
459.13 324.08
486.63 324.06
514.02 324.06
541.41 324.05
568.94 324.03
596.35 324.00
623.93 324.05
651.34 323.98
678.86 323.97
706.29 324.01
733.83 323.81
761.20 323.99
788.60 324.02
816.09 323.89
843.52 323.88
184.56 351.59
211.97 351.60
239.48 351.58
266.98 351.55
294.48 351.54
321.91 351.52
349.25 351.49
376.73 351.46
404.21 351.43
431.67 351.49
459.13 351.47
486.64 351.42
514.09 351.41
541.41 351.39
568.94 351.36
596.42 351.36
623.92 351.31
651.39 351.37
678.81 351.28
706.32 351.34
733.80 351.33
761.22 351.27
788.65 351.26
816.08 351.26
843.57 351.26
157.20 379.15
184.63 379.06
211.98 379.12
239.46 379.11
267.02 379.12
294.46 379.05
321.97 379.09
349.30 378.98
376.79 379.00
404.21 379.03
431.70 378.99
459.20 378.98
486.67 379.01
514.14 379.00
541.46 378.95
568.99 378.91
596.46 378.95
623.98 378.91
651.41 378.81
678.86 378.83
706.36 378.83
733.77 378.83
761.27 378.84
788.72 378.79
816.10 378.77
843.66 378.80
871.07 378.73
157.26 406.68
184.71 406.69
212.05 406.58
239.58 406.62
267.09 406.60
294.46 406.54
322.02 406.49
349.34 406.50
376.80 406.48
404.23 406.52
431.74 406.43
459.28 406.45
486.71 406.43
514.10 406.41
541.49 406.40
569.01 406.35
596.43 406.38
623.98 406.37
651.41 406.38
678.83 406.29
706.38 406.32
733.81 406.31
761.23 406.30
788.66 406.26
816.07 406.25
843.65 406.23
871.06 406.20
157.26 434.13
184.71 434.09
212.02 434.02
239.55 434.05
267.04 434.01
294.47 433.95
322.00 434.00
349.36 433.95
376.84 433.91
404.23 433.90
431.77 433.94
459.18 433.95
486.73 433.89
514.15 433.87
541.56 433.88
569.03 433.88
596.49 433.87
623.97 433.83
651.38 433.82
678.93 433.78
706.39 433.81
733.77 433.78
761.26 433.77
788.70 433.72
816.11 433.69
843.70 433.73
871.10 433.67
157.30 461.51
184.66 461.51
212.01 461.48
239.54 461.50
267.04 461.49
294.52 461.47
321.93 461.42
349.36 461.37
376.86 461.39
404.22 461.39
431.74 461.37
459.22 461.36
486.69 461.34
514.19 461.34
541.54 461.28
569.03 461.28
596.48 461.28
623.97 461.27
651.46 461.29
678.94 461.22
706.37 461.29
733.88 461.22
761.28 461.22
788.71 461.18
816.18 461.15
843.69 461.13
871.13 461.12
130.07 488.92
157.29 488.90
184.69 488.87
212.04 488.89
239.52 488.86
267.05 488.89
294.51 488.85
322.06 488.82
349.36 488.83
376.83 488.77
404.27 488.76
431.74 488.78
459.24 488.78
486.71 488.72
514.16 488.73
541.50 488.76
569.04 488.72
596.50 488.69
624.01 488.67
651.44 488.62
678.88 488.67
706.37 488.61
733.85 488.61
761.29 488.58
788.72 488.54
816.11 488.57
843.65 488.55
871.09 488.50
898.52 488.50
129.91 516.38
157.34 516.37
184.67 516.34
212.05 516.37
239.58 516.35
267.03 516.30
294.51 516.30
321.98 516.34
349.39 516.31
376.90 516.30
404.32 516.28
431.77 516.27
459.27 516.25
486.76 516.21
514.15 516.20
541.54 516.21
569.07 516.21
596.49 516.15
624.01 516.11
651.47 516.10
678.97 516.05
706.41 516.08
733.89 516.08
761.28 516.09
788.70 516.05
816.19 516.05
843.72 516.04
871.15 516.01
898.55 515.99
130.03 543.79
157.25 543.79
184.72 543.80
212.10 543.78
239.58 543.76
267.11 543.76
294.48 543.73
322.03 543.75
349.42 543.71
376.82 543.70
404.28 543.68
431.76 543.63
459.29 543.62
486.76 543.59
514.20 543.53
541.60 543.57
569.08 543.55
596.55 543.54
624.09 543.54
651.48 543.52
678.96 543.52
706.42 543.54
733.91 543.52
761.34 543.49
788.71 543.53
816.16 543.46
843.75 543.41
871.15 543.42
898.57 543.40
157.31 571.32
184.69 571.29
212.10 571.31
239.58 571.31
267.08 571.27
294.57 571.23
322.06 571.22
349.40 571.22
376.89 571.24
404.33 571.21
431.79 571.22
459.31 571.20
486.79 571.17
514.24 571.15
541.57 571.15
569.11 571.13
596.53 571.12
624.10 571.05
651.48 571.06
678.95 571.04
706.49 571.07
733.93 571.03
761.35 570.99
788.78 570.97
816.19 570.97
843.75 570.97
871.18 570.93
157.35 598.83
184.70 598.84
212.12 598.82
239.60 598.74
267.06 598.76
294.54 598.73
322.02 598.74
349.38 598.71
376.87 598.68
404.31 598.69
431.80 598.68
459.31 598.65
486.79 598.62
514.26 598.64
541.60 598.64
569.10 598.60
596.52 598.60
624.12 598.58
651.52 598.59
679.00 598.55
706.44 598.54
733.95 598.53
761.39 598.50
788.80 598.50
816.22 598.48
843.79 598.44
871.22 598.44
157.33 626.43
185.00 626.58
212.11 626.35
239.62 626.35
267.11 626.33
294.57 626.36
322.10 626.29
349.42 626.28
376.92 626.25
404.45 626.26
431.81 626.25
459.36 626.24
486.78 626.25
514.22 626.21
541.61 626.18
569.12 626.18
596.55 626.19
624.12 626.13
651.49 626.20
679.06 626.13
706.20 625.31
733.94 626.09
761.41 626.06
788.78 626.00
816.20 626.06
843.81 626.03
871.17 625.99
157.33 653.85
184.83 653.67
212.14 653.67
239.67 653.78
267.13 653.72
294.61 653.72
322.09 653.73
349.46 653.69
376.91 653.72
404.42 653.68
431.89 653.64
459.34 653.61
486.84 653.64
514.30 653.60
541.68 653.59
569.14 653.55
596.57 653.55
624.13 653.56
651.53 653.51
679.11 653.50
706.46 653.46
733.92 653.47
761.40 653.47
788.81 653.49
816.23 653.44
843.77 653.41
871.22 653.43
184.70 681.21
212.12 681.19
239.65 681.18
267.14 681.12
294.62 681.17
322.09 681.12
349.57 681.19
376.95 681.13
404.37 681.09
431.90 681.08
459.38 681.08
486.80 681.06
514.26 681.10
541.71 680.99
569.19 680.98
596.63 680.99
624.15 680.96
651.53 680.95
679.07 680.97
706.50 680.92
733.95 680.93
761.43 680.90
788.82 680.90
816.25 680.85
843.78 680.81
184.78 708.61
212.18 708.65
239.69 708.56
267.18 708.56
294.58 708.56
322.15 708.53
349.49 708.59
376.98 708.56
404.39 708.51
431.87 708.52
459.39 708.46
486.87 708.48
514.27 708.42
541.71 708.40
569.16 708.44
596.63 708.38
624.18 708.41
651.70 708.41
679.06 708.34
706.53 708.35
734.02 708.36
761.40 708.35
788.81 708.26
816.28 708.27
843.85 708.25
212.17 736.12
239.65 736.06
267.15 736.10
294.64 736.07
322.14 736.06
349.52 736.02
376.97 736.03
404.42 736.02
431.90 735.98
459.40 735.92
486.87 735.91
514.31 735.94
541.69 735.89
569.21 735.89
596.62 735.84
624.18 735.85
651.64 735.81
679.09 735.83
706.67 735.88
734.03 735.78
761.43 735.78
788.85 735.78
816.28 735.74
239.68 763.56
267.21 763.54
294.66 763.51
322.18 763.48
349.47 763.49
377.01 763.47
404.43 763.48
431.88 763.41
459.41 763.42
486.85 763.39
514.35 763.37
541.68 763.39
569.20 763.35
596.68 763.37
624.22 763.33
651.58 763.36
679.11 763.34
706.58 763.24
734.01 763.29
761.51 763.26
788.90 763.27
267.22 790.88
294.65 790.90
322.13 790.92
349.55 790.88
376.98 790.91
404.45 790.81
431.93 790.79
459.44 790.79
486.89 790.80
514.36 790.75
541.72 790.71
569.19 790.76
596.63 790.68
624.18 790.72
651.64 790.67
679.12 790.72
706.57 790.67
734.02 790.69
761.41 790.63
294.66 818.39
322.14 818.35
349.57 818.33
377.04 818.34
404.49 818.30
431.89 818.25
459.48 818.27
486.89 818.29
514.34 818.22
541.73 818.28
569.25 818.24
596.69 818.15
624.22 818.19
651.66 818.19
679.15 818.20
706.59 818.16
734.09 818.17
322.20 845.89
349.53 845.87
377.08 845.85
404.48 845.81
431.94 845.85
459.45 845.79
486.92 845.78
514.37 845.74
541.71 845.76
569.28 845.76
596.72 845.70
624.22 845.73
651.66 845.68
679.17 845.71
706.61 845.69
377.07 873.37
404.51 873.36
431.95 873.36
459.51 873.31
486.92 873.31
514.42 873.26
541.72 873.31
569.30 873.30
596.76 873.44
624.20 873.26
651.65 873.21
486.97 900.82
514.45 900.79
541.75 900.69
