489.94 146.13
518.10 146.99
545.45 146.96
380.91 173.86
409.10 174.06
436.29 174.01
463.13 174.28
490.78 174.38
517.82 174.96
545.38 174.27
572.43 174.32
599.80 174.02
627.25 173.98
654.92 174.15
327.04 200.71
354.28 201.19
381.82 201.25
409.01 202.00
435.99 201.97
463.16 201.39
490.78 201.34
517.93 201.17
545.33 201.32
572.26 201.37
599.45 201.92
627.02 201.92
654.35 201.22
681.98 201.77
708.73 201.50
299.11 227.93
326.98 228.34
354.33 228.30
382.00 228.87
408.87 228.75
436.34 228.18
463.78 228.94
490.88 229.00
517.93 229.02
545.19 228.29
572.31 228.75
599.90 228.74
627.16 228.14
654.33 228.79
681.18 229.02
709.11 229.06
736.22 229.00
272.01 255.80
299.85 256.18
327.26 256.16
354.87 256.07
381.90 256.08
409.04 256.12
436.20 256.16
463.82 256.12
490.81 256.19
517.99 256.20
545.22 256.20
572.26 256.18
599.94 256.18
627.15 256.09
654.19 256.07
681.87 256.11
708.79 256.26
736.95 256.25
763.72 256.93
245.05 282.92
272.15 283.07
300.08 283.33
327.11 283.10
354.26 283.15
381.87 283.07
409.03 283.13
436.15 283.26
463.22 283.23
490.78 283.20
517.93 283.22
545.20 283.18
572.34 283.27
599.85 283.17
627.08 283.19
654.15 283.08
681.25 283.23
708.89 283.12
736.11 283.26
763.38 283.24
790.86 284.05
217.78 309.86
245.17 310.00
272.97 310.88
299.92 310.22
327.23 310.19
354.26 310.19
381.94 310.14
408.91 310.18
436.18 310.14
463.23 310.23
490.86 310.25
518.00 310.28
545.15 310.18
572.84 310.17
599.86 310.23
627.07 310.11
654.17 310.27
681.27 310.18
708.85 310.78
736.20 310.23
763.23 310.90
790.84 310.15
817.99 311.09
190.00 338.27
218.29 337.96
245.85 338.15
272.85 338.19
299.98 338.14
327.13 338.10
354.90 338.14
381.96 338.09
409.01 338.09
436.24 338.09
463.79 338.03
490.91 338.09
517.93 338.12
545.27 338.08
572.89 338.04
599.93 338.03
627.11 338.12
654.27 338.07
681.86 338.15
708.98 338.18
736.23 338.20
763.88 338.13
790.85 338.30
817.73 338.04
846.01 338.44
189.97 363.87
218.20 365.36
245.86 365.30
272.84 365.17
299.85 365.17
327.17 365.26
354.29 365.16
381.93 365.17
408.94 365.15
436.20 365.13
463.27 365.20
490.92 365.19
517.92 365.16
545.17 365.19
572.89 365.15
599.93 365.26
627.19 365.13
654.24 365.20
681.87 365.12
708.90 365.25
736.22 365.17
763.25 365.24
790.92 365.18
817.80 365.90
845.18 365.04
163.00 392.03
191.22 392.34
218.00 392.26
245.24 392.26
272.77 392.32
299.90 392.32
327.13 392.20
354.23 392.26
381.88 392.19
408.98 392.26
436.16 392.17
463.19 392.28
490.86 392.27
517.96 392.34
545.21 392.27
572.84 392.32
599.94 392.25
627.20 392.27
654.17 392.23
681.87 392.30
708.90 392.21
736.09 392.26
763.30 392.28
790.92 392.32
817.89 392.88
845.21 392.78
872.78 392.84
162.84 419.10
191.20 419.35
217.98 419.86
245.75 419.31
272.87 419.85
299.91 419.87
327.16 419.30
354.24 419.27
381.90 419.23
408.94 419.28
436.21 419.29
463.19 419.34
490.87 419.82
518.00 419.86
545.28 419.29
572.86 419.85
599.98 419.89
627.14 419.23
654.20 419.27
681.93 419.81
708.88 419.83
736.12 419.22
763.25 419.78
790.92 419.86
818.00 419.82
844.99 419.90
872.81 419.67
162.85 446.97
191.24 447.09
218.01 447.26
245.82 447.19
272.90 447.09
299.93 447.17
327.14 447.14
354.31 447.10
381.93 447.07
408.97 447.11
436.25 447.11
463.85 447.13
490.93 447.17
517.90 447.14
545.25 447.12
572.91 447.14
599.94 447.13
627.15 447.16
654.79 447.14
681.87 447.11
708.94 447.06
736.19 447.11
763.25 447.07
791.00 447.20
818.05 447.25
844.94 447.12
873.10 447.31
163.10 473.19
191.10 474.12
218.05 474.18
245.23 474.10
272.91 474.15
299.91 474.16
327.12 474.13
354.31 474.11
381.93 474.13
408.97 474.11
436.20 474.10
463.21 474.06
490.91 474.14
517.94 474.15
545.23 474.13
572.92 474.17
599.93 474.14
627.18 474.17
654.24 474.13
681.82 474.15
709.00 474.18
736.10 474.06
763.25 474.18
790.92 474.16
817.97 474.16
845.13 474.24
872.87 474.12
136.01 501.22
164.07 501.23
191.03 501.15
218.01 501.26
245.20 501.15
272.81 501.14
299.87 501.22
327.14 501.16
354.16 501.19
381.93 501.12
408.97 501.14
436.17 501.14
463.26 501.19
490.88 501.22
517.97 501.75
545.29 501.25
572.32 501.75
599.94 501.77
627.19 501.16
654.14 501.23
681.85 501.79
708.91 501.16
736.19 501.76
763.21 501.24
790.90 501.21
817.98 501.80
845.11 501.18
872.74 501.73
899.96 501.95
135.77 527.97
164.22 528.24
190.86 528.78
218.12 528.81
245.19 528.24
272.88 528.82
299.87 528.83
327.16 528.25
354.25 528.75
381.96 528.73
408.97 528.76
436.25 528.75
463.25 528.75
490.97 528.74
517.98 528.79
545.27 528.81
572.89 528.80
599.94 528.83
627.15 528.80
654.76 528.82
681.93 528.79
708.91 528.87
736.20 528.84
763.23 528.87
790.94 528.83
817.88 528.79
845.31 528.81
872.05 528.84
899.90 528.82
135.79 555.91
164.08 556.24
191.15 556.20
217.93 556.14
245.83 556.21
272.87 556.24
299.87 556.27
327.12 556.23
354.82 556.15
381.99 556.21
408.97 556.23
436.29 556.21
463.84 556.15
490.93 556.17
518.08 556.22
545.23 556.16
572.90 556.19
599.93 556.21
627.20 556.18
654.77 556.15
681.91 556.24
708.94 556.21
736.19 556.25
763.91 556.25
790.88 556.23
818.04 556.19
845.09 556.29
872.68 556.31
899.91 556.83
163.20 582.81
191.19 583.19
218.00 583.20
245.21 583.17
272.80 583.16
299.87 583.23
327.07 583.19
354.27 583.21
381.94 583.23
408.97 583.27
436.22 583.22
463.76 583.22
490.93 583.79
517.94 583.19
545.28 583.14
572.89 583.77
599.93 583.71
627.15 583.13
654.21 583.74
681.85 583.74
708.94 583.19
736.20 583.18
763.15 583.19
790.94 583.81
818.02 583.80
845.05 583.22
872.72 583.23
162.92 609.65
191.32 610.17
217.90 610.19
245.21 610.19
272.88 610.28
299.86 610.78
327.15 610.28
354.29 610.35
381.94 610.85
408.97 610.80
436.26 610.82
463.26 610.28
490.87 610.79
517.98 610.77
545.21 610.73
572.90 610.73
599.99 610.74
627.14 610.74
654.30 610.70
681.82 610.84
709.01 610.85
736.27 610.73
763.18 610.82
790.94 610.19
818.05 610.17
844.90 610.84
872.92 610.04
163.04 637.35
191.32 637.96
217.99 638.17
245.22 638.08
272.90 638.11
300.00 638.22
327.19 638.11
354.83 638.21
381.97 638.25
409.03 638.23
436.26 638.18
463.79 638.17
490.92 638.17
517.98 638.13
545.87 638.11
572.96 638.12
599.97 638.15
627.27 638.15
654.87 638.15
681.96 638.18
708.98 638.13
736.23 638.14
763.83 638.05
790.97 638.06
818.07 638.18
845.08 637.81
872.93 638.10
163.04 665.01
191.21 665.21
218.14 665.21
245.83 665.11
272.75 665.17
299.99 665.13
327.19 665.21
354.27 665.24
381.95 665.28
408.98 665.30
436.17 665.29
463.82 665.20
490.87 665.19
518.01 665.22
545.79 665.16
572.90 665.19
600.04 665.22
627.24 665.15
654.88 665.18
681.92 665.22
708.97 665.21
736.19 665.16
763.83 665.17
791.04 665.21
817.85 665.16
845.23 665.25
872.83 665.78
190.37 692.16
218.23 692.03
245.82 692.25
272.85 692.21
299.90 692.25
327.22 692.17
354.27 692.31
381.93 692.26
408.97 692.85
436.21 692.22
463.16 692.29
490.87 692.84
517.97 692.82
545.19 692.73
572.81 692.20
600.01 692.82
627.22 692.24
654.30 692.76
681.95 692.87
708.90 692.72
736.22 692.27
763.20 692.30
790.98 692.78
817.76 692.70
845.24 692.80
189.87 718.73
218.30 720.03
245.90 719.76
272.82 719.89
300.00 719.84
327.15 719.79
354.32 719.20
381.86 719.79
409.07 719.79
436.15 719.89
463.73 719.90
490.90 719.88
517.96 719.86
545.22 719.81
572.85 719.90
599.96 719.90
627.27 719.85
654.31 719.88
681.82 719.81
708.98 719.86
736.16 719.20
763.89 719.82
790.76 719.75
817.73 719.96
845.89 719.74
217.72 746.77
245.90 747.31
272.96 747.02
299.98 747.26
327.25 747.18
354.87 747.17
381.99 747.05
408.98 747.15
436.25 747.16
463.77 747.12
490.86 747.13
517.99 747.17
545.76 747.12
572.89 747.19
599.93 747.28
627.30 747.20
654.29 747.14
681.93 747.13
708.91 747.17
736.33 747.21
763.18 747.09
790.90 747.26
817.84 747.71
245.09 773.69
272.93 774.32
299.98 774.09
327.79 774.21
354.90 774.18
381.95 774.21
408.99 774.13
436.12 774.09
463.80 774.07
490.83 774.70
517.97 774.17
545.19 774.13
572.81 774.10
599.95 774.11
627.11 774.23
654.30 774.74
681.80 774.12
708.97 774.82
736.09 774.12
763.79 774.13
790.75 774.65
272.22 800.97
299.82 801.81
327.28 801.17
354.78 801.80
381.92 801.87
409.05 801.90
436.20 801.82
463.78 801.80
490.82 801.83
517.94 801.77
545.23 801.77
572.28 801.78
599.81 801.87
627.11 801.81
654.13 801.78
681.87 801.88
708.93 801.73
736.22 801.01
763.66 801.74
299.73 828.20
327.11 828.19
354.86 828.73
381.91 828.81
408.97 828.98
436.88 828.94
463.73 828.89
490.91 828.88
517.93 828.81
545.28 828.86
572.20 828.84
599.79 828.89
627.10 828.77
654.23 828.62
681.77 828.67
709.04 828.52
736.22 828.78
327.13 856.15
354.83 856.33
381.85 856.22
409.09 856.03
436.12 855.94
463.90 856.09
490.91 856.06
518.00 856.27
545.82 856.03
572.88 856.03
600.00 855.91
627.06 855.92
654.87 856.05
682.02 856.62
708.76 856.83
380.97 883.03
408.97 883.95
436.79 883.97
463.77 883.86
490.85 883.83
517.89 882.97
545.81 883.05
572.84 883.72
599.72 883.77
627.10 883.74
654.86 883.65
490.04 910.11
518.00 911.04
545.91 910.89
