443.98 334.80
470.94 334.78
498.18 334.75
525.83 334.73
552.99 334.79
580.10 334.75
416.77 362.04
443.80 362.12
471.07 362.24
498.12 362.21
525.88 362.19
552.93 362.18
580.22 362.11
607.23 362.06
389.23 389.24
416.76 389.19
443.94 389.26
470.99 389.16
498.19 389.19
525.81 389.20
553.03 389.15
580.08 389.28
607.28 389.21
634.78 389.23
362.07 416.78
389.20 416.73
416.86 416.85
443.94 416.80
471.08 416.85
498.15 416.78
525.85 416.79
552.93 416.83
580.08 416.78
607.16 416.82
634.81 416.76
661.97 416.78
334.78 443.97
362.13 443.81
389.25 443.93
416.80 443.94
444.01 444.00
471.00 443.97
498.17 443.97
525.80 443.97
552.95 443.97
580.01 443.95
607.22 443.90
634.76 443.95
661.87 443.76
689.25 443.95
334.84 470.95
362.20 471.02
389.19 471.00
416.86 471.07
443.97 471.07
471.12 471.10
498.16 471.11
525.81 471.08
552.92 471.10
580.06 471.06
607.19 471.13
634.83 470.99
661.79 471.06
689.25 470.99
334.76 498.16
362.20 498.17
389.20 498.21
416.79 498.15
443.97 498.20
471.07 498.19
498.19 498.18
525.82 498.20
552.91 498.18
580.07 498.22
607.23 498.14
634.83 498.20
661.78 498.14
689.23 498.20
334.73 525.80
362.22 525.88
389.23 525.76
416.81 525.86
443.95 525.78
471.07 525.80
498.20 525.78
525.83 525.83
552.89 525.82
580.04 525.81
607.24 525.86
634.80 525.81
661.83 525.86
689.23 525.81
334.76 553.01
362.21 552.95
389.20 553.03
416.84 552.91
443.93 552.96
471.08 552.88
498.17 552.90
525.82 552.93
552.88 552.90
580.03 552.94
607.20 552.90
634.81 553.02
661.79 552.94
689.19 553.00
334.77 580.08
362.13 580.18
389.28 580.07
416.82 580.07
444.02 580.04
471.06 580.07
498.25 580.03
525.80 580.04
552.92 580.08
579.99 580.00
607.20 580.06
634.74 580.05
661.86 580.21
689.21 580.02
362.01 607.21
389.22 607.25
416.87 607.11
443.93 607.22
471.05 607.20
498.18 607.22
525.88 607.22
552.91 607.19
580.07 607.20
607.16 607.12
634.81 607.23
661.96 607.17
389.26 634.78
416.75 634.81
443.93 634.76
471.01 634.82
498.21 634.82
525.82 634.79
552.99 634.83
580.06 634.73
607.27 634.77
634.79 634.79
416.80 661.98
443.80 661.89
471.03 661.80
498.17 661.80
525.88 661.82
552.96 661.78
580.20 661.86
607.22 661.95
443.94 689.22
470.97 689.26
498.21 689.27
525.84 689.22
553.02 689.18
580.06 689.20
