313.94 174.56
359.30 174.58
404.77 175.14
450.17 175.17
495.80 175.19
540.82 175.08
586.27 175.17
632.36 175.63
268.75 220.13
313.77 219.92
359.35 220.06
404.92 220.27
450.19 220.03
495.49 220.13
540.71 220.37
586.38 220.51
632.21 220.40
677.82 220.10
223.19 265.69
268.17 265.75
313.45 265.19
359.39 265.38
404.93 265.54
450.54 265.72
495.45 265.66
540.75 265.68
586.35 265.71
632.30 265.48
677.55 265.56
723.37 266.22
178.10 312.03
222.99 311.84
267.71 311.48
313.55 311.38
359.35 310.78
404.66 310.92
450.13 310.55
495.53 311.16
540.56 311.31
586.15 311.02
632.27 310.95
677.75 311.48
723.31 312.01
768.80 311.64
132.16 356.61
178.02 356.95
222.86 356.88
267.56 356.89
313.17 356.24
358.98 356.50
404.54 356.10
450.46 356.49
495.63 356.60
540.52 356.53
585.73 356.66
632.43 356.62
678.29 357.07
723.35 357.09
768.47 357.15
813.84 357.22
131.45 402.15
177.86 401.91
223.01 401.92
267.47 402.46
313.01 402.14
358.96 401.87
404.46 402.09
450.41 402.18
495.74 402.28
540.53 402.63
585.65 402.77
632.50 403.10
678.23 402.58
723.32 402.43
768.90 402.69
813.67 402.86
131.31 446.74
177.86 446.96
223.13 447.41
267.28 447.49
312.90 447.01
358.77 447.60
404.63 447.03
450.56 447.21
496.15 447.91
540.85 447.84
585.89 447.88
632.21 447.86
677.97 448.09
723.21 447.95
768.87 447.97
813.66 447.95
130.94 493.21
177.50 492.62
222.81 492.30
267.75 492.92
312.87 493.21
358.39 493.33
404.23 493.01
451.07 492.90
496.30 493.22
540.84 493.41
586.01 493.57
631.92 493.22
678.04 493.00
723.29 493.47
768.39 492.78
813.65 493.00
130.24 538.06
177.17 538.03
222.96 537.65
268.51 538.47
313.21 538.62
357.89 538.54
403.71 538.28
450.95 537.70
496.24 538.66
540.63 539.05
585.69 538.40
631.91 537.95
677.67 538.45
722.97 538.57
768.10 538.31
813.45 538.56
129.71 584.89
176.90 584.08
222.77 583.57
268.90 583.44
313.33 583.53
357.92 583.72
403.37 584.37
450.81 583.99
496.04 583.20
540.50 582.77
585.87 583.72
632.18 583.96
677.84 584.14
722.81 583.94
767.98 583.99
813.47 584.27
129.10 630.22
176.23 629.66
222.57 628.87
268.58 628.47
313.55 628.69
358.59 629.34
403.78 630.50
449.50 629.83
494.85 628.24
541.06 627.89
586.68 628.96
632.37 629.62
678.13 629.80
723.05 629.47
768.16 629.77
813.77 630.07
128.69 675.31
175.27 674.75
222.06 674.02
268.17 674.19
313.43 674.03
359.30 674.07
404.19 675.07
448.54 674.66
494.15 675.07
541.56 675.08
587.20 675.23
632.32 674.94
677.58 675.08
722.81 674.72
768.47 674.70
814.06 674.71
174.55 719.99
221.58 719.67
268.58 719.51
313.88 719.84
359.04 719.91
403.97 720.02
448.88 720.33
495.11 721.17
540.92 721.26
586.92 720.96
631.86 720.68
677.21 720.39
722.24 720.14
768.08 719.69
221.21 765.67
268.70 765.54
313.98 765.21
359.03 764.97
404.25 765.08
449.28 765.40
495.46 765.50
540.59 766.06
586.59 766.13
631.65 765.68
676.58 765.24
722.18 765.37
267.72 811.62
313.23 810.50
358.64 810.35
404.17 810.55
449.31 810.27
495.28 810.27
540.99 810.41
586.19 811.03
631.44 810.76
676.53 810.40
312.20 857.35
358.26 857.05
403.57 856.73
449.24 856.63
495.04 856.16
541.08 856.44
586.17 856.65
631.30 856.81
