495.53 38.39
540.76 38.15
359.83 83.96
405.17 84.09
450.40 83.77
495.51 84.25
540.98 84.10
586.39 84.12
632.17 84.63
677.99 84.80
268.69 129.65
313.98 129.76
359.57 129.55
404.88 129.49
450.13 129.47
495.46 129.82
541.22 130.06
586.37 130.03
632.20 129.77
678.38 130.22
723.44 130.73
768.16 130.41
223.28 174.78
268.68 174.71
313.97 174.56
359.31 174.54
404.78 175.14
450.19 175.17
495.81 175.21
540.85 175.11
586.28 175.20
632.33 175.60
678.41 175.07
723.17 174.85
768.05 175.10
813.39 175.37
177.72 219.56
223.08 219.76
268.77 220.13
313.78 219.92
359.36 220.03
404.88 220.22
450.20 220.02
495.50 220.13
540.73 220.38
586.37 220.47
632.23 220.39
677.87 220.13
723.29 219.90
768.44 220.01
813.50 220.37
858.59 220.97
178.01 265.93
223.21 265.69
268.18 265.76
313.44 265.17
359.40 265.39
404.90 265.55
450.56 265.71
495.41 265.64
540.76 265.67
586.40 265.70
632.30 265.51
677.53 265.56
723.41 266.23
768.80 266.13
813.63 266.37
858.56 266.69
131.99 311.66
178.10 312.01
222.97 311.79
267.72 311.43
313.55 311.38
359.39 310.78
404.67 310.92
450.14 310.56
495.52 311.17
540.56 311.35
586.14 311.05
632.23 310.94
677.74 311.45
723.34 312.01
768.81 311.65
814.06 312.07
858.72 312.09
904.72 312.62
132.13 356.61
178.01 356.96
222.89 356.89
267.57 356.92
313.18 356.25
358.95 356.49
404.56 356.11
450.48 356.50
495.63 356.61
540.53 356.56
585.79 356.67
632.41 356.61
678.26 357.08
723.33 357.07
768.52 357.15
813.88 357.23
859.20 357.55
905.01 357.53
131.46 402.14
177.87 401.91
223.03 401.92
267.51 402.44
313.02 402.17
358.94 401.84
404.46 402.09
450.43 402.16
495.75 402.27
540.57 402.55
585.68 402.74
632.48 403.08
678.23 402.55
723.29 402.44
768.91 402.68
813.70 402.82
859.33 402.56
905.08 402.08
83.42 447.39
131.32 446.76
177.86 446.96
223.12 447.41
267.32 447.49
312.93 447.01
358.76 447.59
404.62 447.03
450.53 447.20
496.15 447.89
540.87 447.81
585.95 447.87
632.21 447.87
677.93 448.06
723.21 447.98
768.89 447.95
813.68 447.92
859.12 447.93
905.01 447.50
952.15 447.68
83.00 493.27
130.93 493.19
177.48 492.63
222.80 492.30
267.78 492.93
312.89 493.17
358.38 493.30
404.25 493.01
451.06 492.90
496.30 493.23
540.86 493.39
586.01 493.53
631.88 493.18
678.02 493.00
723.29 493.49
768.38 492.78
813.66 493.02
858.96 493.32
905.34 493.33
952.27 493.66
130.26 538.05
177.16 538.05
222.95 537.66
268.52 538.45
313.23 538.58
357.89 538.47
403.74 538.29
450.93 537.76
496.21 538.65
540.66 539.03
585.72 538.40
631.89 537.94
677.60 538.43
722.95 538.57
768.09 538.31
813.48 538.58
858.89 538.62
905.44 538.23
129.78 584.86
176.90 584.11
222.80 583.59
268.88 583.44
313.35 583.55
357.98 583.69
403.39 584.36
450.78 584.02
496.06 583.23
540.54 582.79
585.90 583.70
632.15 583.97
677.82 584.10
722.80 583.96
767.99 583.97
813.50 584.28
859.03 584.33
905.52 584.87
129.13 630.17
176.23 629.66
222.57 628.92
268.54 628.48
313.56 628.70
358.61 629.34
403.79 630.50
449.51 629.83
494.86 628.26
541.05 627.90
586.68 628.99
632.40 629.63
678.12 629.82
723.05 629.50
768.15 629.78
813.78 630.06
859.25 630.01
905.55 629.87
175.32 674.74
222.06 674.00
268.18 674.22
313.43 674.01
359.31 674.06
404.20 675.07
448.56 674.62
494.13 675.06
541.53 675.06
587.19 675.23
632.32 674.92
677.56 675.05
722.82 674.72
768.40 674.70
814.02 674.71
859.42 675.27
174.56 719.97
221.60 719.69
268.57 719.53
313.88 719.87
359.04 719.91
403.99 720.04
448.93 720.30
495.11 721.14
540.94 721.23
586.92 720.94
631.86 720.68
677.23 720.37
722.25 720.17
768.03 719.72
814.03 719.58
860.47 720.67
221.20 765.69
268.70 765.52
313.99 765.21
359.05 764.95
404.26 765.08
449.31 765.39
495.45 765.47
540.59 766.03
586.61 766.10
631.65 765.68
676.63 765.26
722.15 765.42
767.62 765.71
814.23 765.85
267.73 811.61
313.26 810.51
358.66 810.32
404.17 810.56
449.33 810.27
495.33 810.25
541.00 810.37
586.20 811.00
631.49 810.78
676.58 810.40
722.58 811.10
768.38 811.89
358.29 857.01
403.58 856.72
449.24 856.64
495.05 856.14
541.08 856.45
586.13 856.64
631.35 856.80
676.43 857.04
495.05 903.48
540.84 902.99
