495.53 38.11
540.68 37.84
359.83 83.68
405.21 83.86
450.36 83.49
495.56 84.00
540.82 83.78
586.38 83.92
632.11 84.36
677.95 84.65
268.60 129.51
314.00 129.70
359.52 129.47
404.87 129.26
450.05 129.18
495.47 129.59
541.29 129.86
586.44 129.96
632.31 129.56
678.46 130.09
723.36 130.58
768.06 130.24
223.21 174.43
268.55 174.40
313.93 174.34
359.21 174.32
404.78 174.97
450.14 174.95
495.88 175.08
540.82 174.92
586.34 174.93
632.46 175.43
678.48 174.81
723.14 174.52
767.85 174.85
813.31 175.07
177.76 219.28
223.05 219.45
268.76 219.91
313.80 219.65
359.25 219.78
404.94 219.98
450.16 219.75
495.48 219.88
540.74 220.13
586.24 220.10
632.28 220.15
677.78 219.86
723.22 219.59
768.32 219.76
813.47 220.07
858.48 220.75
177.93 265.69
223.18 265.44
268.13 265.43
313.36 264.89
359.35 265.05
404.96 265.30
450.61 265.44
495.33 265.37
540.73 265.44
586.32 265.36
632.30 265.16
677.53 265.27
723.45 265.92
768.69 265.86
813.52 266.11
858.44 266.44
131.90 311.45
178.03 311.85
222.99 311.62
267.55 311.26
313.54 311.09
359.28 310.49
404.66 310.57
450.10 310.13
495.42 310.95
540.50 311.12
586.11 310.76
632.20 310.60
677.73 311.10
723.26 311.79
768.83 311.38
814.07 311.74
858.73 311.89
904.62 312.50
132.18 356.33
178.07 356.78
222.87 356.68
267.36 356.72
313.13 355.97
358.89 356.20
404.54 355.65
450.48 356.18
495.59 356.33
540.50 356.28
585.65 356.36
632.44 356.29
678.24 356.80
723.28 356.83
768.49 356.88
813.78 356.95
859.19 357.30
904.93 357.32
131.35 401.90
177.92 401.59
223.00 401.72
267.41 402.30
312.84 401.93
358.91 401.60
404.42 401.85
450.45 401.97
495.79 402.02
540.52 402.39
585.53 402.54
632.58 402.87
678.28 402.34
723.22 402.16
768.96 402.52
813.61 402.53
859.40 402.25
905.02 401.73
83.03 447.17
131.22 446.40
177.92 446.64
223.22 447.09
267.13 447.26
312.78 446.83
358.65 447.37
404.53 446.80
450.58 446.98
496.25 447.65
540.85 447.65
585.86 447.58
632.22 447.60
678.06 447.82
723.29 447.62
768.77 447.64
813.60 447.74
859.14 447.65
904.91 447.20
952.40 447.42
82.40 493.04
130.88 493.00
177.56 492.30
222.82 492.01
267.73 492.62
312.79 492.99
358.32 493.05
404.20 492.76
451.14 492.64
496.42 492.94
540.89 493.20
585.92 493.36
631.79 492.91
678.07 492.73
723.26 493.15
768.29 492.48
813.53 492.65
858.88 493.01
905.29 493.04
952.51 493.41
130.01 537.75
177.18 537.76
222.88 537.37
268.57 538.23
313.12 538.40
357.67 538.22
403.65 537.97
450.96 537.38
496.29 538.46
540.60 538.82
585.55 538.10
631.79 537.72
677.55 538.12
722.93 538.36
768.02 538.03
813.36 538.21
858.79 538.25
905.43 537.88
129.62 584.73
176.95 583.77
222.76 583.31
268.96 583.18
313.29 583.27
357.75 583.47
403.24 584.18
450.90 583.81
496.16 582.84
540.43 582.30
585.74 583.42
632.15 583.70
677.82 583.91
722.75 583.68
767.86 583.64
813.32 583.97
858.97 584.15
905.53 584.70
128.95 630.09
176.11 629.38
222.55 628.59
268.54 628.23
313.50 628.45
358.49 629.15
403.74 630.34
449.38 629.60
494.75 627.79
541.05 627.48
586.68 628.68
632.50 629.36
678.25 629.52
723.04 629.23
768.04 629.45
813.71 629.80
859.21 629.79
905.66 629.62
175.12 674.49
222.00 673.72
268.18 673.86
313.41 673.68
359.26 673.78
404.14 674.79
448.31 674.38
493.81 674.78
541.75 674.83
587.28 675.03
632.32 674.61
677.49 674.81
722.79 674.45
768.33 674.40
814.01 674.41
859.42 675.08
174.28 719.78
221.47 719.40
268.54 719.17
313.81 719.54
359.00 719.61
403.93 719.71
448.74 720.00
495.00 720.98
541.07 721.12
587.00 720.72
631.85 720.39
677.10 720.11
722.14 719.87
767.91 719.41
814.04 719.11
860.68 720.40
221.06 765.33
268.63 765.28
313.97 764.98
358.97 764.64
404.23 764.78
449.22 765.16
495.55 765.16
540.57 765.79
586.66 765.82
631.55 765.39
676.45 764.96
722.06 765.05
767.53 765.37
814.26 765.52
267.63 811.43
313.15 810.17
358.52 809.88
404.09 810.13
449.32 809.84
495.29 809.80
541.10 809.96
586.34 810.51
631.46 810.41
676.50 810.12
722.53 810.74
768.31 811.61
358.13 856.78
403.44 856.42
449.20 856.30
495.01 855.67
541.27 856.05
586.22 856.25
631.27 856.44
676.24 856.75
495.02 903.31
540.98 902.87
