495.20 40.08
541.07 40.08
359.64 86.71
404.88 87.04
450.50 86.92
495.40 87.39
540.79 87.38
586.11 86.99
632.10 87.69
677.32 87.62
268.62 132.05
313.65 132.27
359.40 132.58
405.15 133.01
450.35 133.06
495.64 133.14
540.98 133.55
586.30 133.00
631.84 133.30
677.55 133.72
723.09 133.63
768.33 133.23
223.38 177.52
268.82 177.51
314.13 177.33
359.26 177.67
404.69 177.88
450.24 177.99
496.08 177.69
540.64 177.42
586.23 177.64
632.11 178.21
677.56 178.59
722.86 178.30
768.23 178.37
813.50 178.12
177.80 222.58
223.22 223.08
268.82 223.21
313.72 222.65
359.39 222.82
404.42 222.68
450.02 222.21
495.61 222.05
540.77 222.23
586.73 222.50
632.45 223.07
677.14 222.91
723.12 222.80
768.52 223.31
813.88 223.56
859.29 223.74
178.06 268.51
223.08 267.89
268.31 268.05
313.58 267.25
359.19 267.24
404.35 267.26
449.87 267.34
495.10 266.93
541.26 267.02
586.77 267.14
632.25 267.07
677.13 267.77
723.18 268.34
768.74 268.35
813.95 268.71
859.20 268.88
131.75 313.63
177.71 313.60
222.69 312.88
268.16 312.59
313.22 312.65
359.12 312.13
404.37 312.30
449.73 311.94
495.22 312.38
541.03 312.31
586.81 312.28
632.40 312.13
677.68 312.70
723.20 313.39
768.69 313.30
814.12 313.50
859.05 313.75
905.00 314.08
131.60 358.08
176.88 358.27
222.30 357.71
268.01 357.75
313.05 357.17
358.50 357.34
404.14 357.44
449.64 357.04
495.23 357.42
540.95 357.10
586.38 357.32
632.55 357.30
678.46 357.72
723.55 358.00
768.50 357.91
814.61 358.17
859.57 358.73
905.42 359.27
131.02 403.30
176.63 402.99
222.02 403.00
267.54 402.78
312.91 402.47
358.56 402.37
404.09 402.70
449.42 402.55
495.17 402.32
540.76 402.56
586.46 402.74
632.15 402.94
678.25 402.83
723.56 402.44
769.01 402.66
814.54 403.59
859.89 403.65
905.66 403.87
83.79 448.68
130.64 448.02
176.37 448.12
221.97 448.02
266.93 447.51
312.70 447.04
358.53 447.57
404.12 447.39
449.85 447.56
495.32 447.42
540.82 447.31
586.54 447.63
632.25 447.62
678.04 447.91
723.38 448.00
769.29 448.00
814.72 448.53
859.96 448.62
905.77 448.75
951.92 448.90
83.16 493.54
130.03 493.70
176.12 493.23
221.70 492.79
266.62 492.79
312.38 492.93
358.00 492.73
403.52 492.23
449.85 492.22
495.33 492.53
540.88 492.66
586.84 492.87
632.28 493.00
677.82 492.80
723.78 493.28
769.46 493.14
814.98 493.54
860.25 493.89
905.99 494.07
952.10 494.42
129.59 538.49
175.66 538.44
221.28 537.99
266.84 538.16
312.48 537.69
357.63 537.91
403.36 537.59
449.87 537.15
495.16 537.96
541.05 538.00
586.45 537.89
632.57 537.54
678.31 537.92
723.86 538.46
769.43 538.36
814.86 538.79
860.42 539.26
906.19 539.09
129.01 584.36
175.32 584.16
221.11 583.47
266.77 583.34
312.32 583.19
357.55 583.41
403.25 583.22
449.55 583.04
495.31 583.23
540.84 583.22
586.52 583.54
632.48 583.56
678.41 583.51
723.95 583.97
769.60 583.85
815.10 584.11
860.46 584.40
906.61 584.50
128.86 629.14
175.07 629.22
220.86 628.94
266.36 628.44
312.10 628.15
357.77 628.49
403.17 629.10
448.88 628.94
494.96 628.53
541.10 628.35
586.69 628.99
632.46 629.27
678.33 629.23
723.85 629.04
769.68 629.92
815.16 629.98
860.61 630.15
906.35 629.81
174.52 674.33
220.27 673.84
265.87 674.09
311.47 674.01
358.33 673.37
403.27 674.29
448.70 673.91
494.95 674.48
541.27 674.44
587.01 674.70
632.66 674.51
678.03 674.84
723.77 674.92
770.08 674.96
815.53 675.08
860.90 675.35
174.25 720.07
220.19 719.84
266.13 720.00
312.07 719.93
357.63 719.69
403.10 719.50
448.99 719.66
494.98 720.18
540.92 719.63
586.87 719.93
632.43 719.84
678.12 720.07
724.12 720.53
769.87 720.51
815.66 720.44
861.33 721.30
219.82 765.90
266.41 766.05
311.97 765.52
357.50 765.33
403.30 765.45
449.28 765.16
495.07 765.07
540.52 765.31
586.46 765.68
632.43 765.87
678.18 765.80
724.34 766.17
769.90 766.31
815.89 766.69
265.44 812.28
311.41 811.52
357.15 811.27
403.19 811.06
448.96 810.46
494.82 810.60
540.62 810.67
586.55 811.14
632.70 811.56
678.73 811.46
724.51 812.39
770.71 812.81
356.51 858.38
402.11 858.00
448.84 857.55
494.33 857.62
540.92 857.46
586.29 857.95
632.79 858.36
678.86 858.65
494.69 906.03
540.99 905.10
