495.55 38.39
540.76 38.12
359.81 83.99
405.18 84.10
450.41 83.73
495.53 84.23
540.95 84.05
586.36 84.11
632.16 84.62
677.98 84.83
268.63 129.71
313.95 129.82
359.56 129.60
404.89 129.52
450.12 129.48
495.48 129.82
541.20 130.05
586.36 130.05
632.22 129.80
678.38 130.27
723.43 130.74
768.13 130.47
223.24 174.74
268.64 174.71
313.93 174.60
359.25 174.60
404.76 175.17
450.15 175.18
495.83 175.20
540.86 175.10
586.29 175.21
632.35 175.65
678.40 175.10
723.18 174.86
768.01 175.11
813.37 175.37
177.71 219.53
223.07 219.72
268.76 220.14
313.76 219.93
359.32 220.05
404.88 220.25
450.16 220.05
495.50 220.15
540.72 220.36
586.40 220.50
632.24 220.40
677.87 220.13
723.29 219.93
768.42 220.00
813.50 220.36
858.56 220.99
177.97 265.93
223.19 265.65
268.20 265.70
313.44 265.17
359.34 265.36
404.91 265.56
450.54 265.73
495.41 265.64
540.77 265.69
586.37 265.67
632.30 265.47
677.53 265.55
723.36 266.23
768.77 266.13
813.61 266.35
858.54 266.71
131.96 311.69
178.06 312.02
222.96 311.80
267.73 311.44
313.53 311.34
359.34 310.75
404.65 310.91
450.12 310.56
495.52 311.18
540.57 311.34
586.14 311.01
632.25 310.93
677.76 311.43
723.32 311.99
768.81 311.64
814.01 312.03
858.75 312.13
904.74 312.70
132.12 356.63
178.02 356.98
222.86 356.88
267.54 356.91
313.16 356.23
358.94 356.49
404.51 356.08
450.44 356.50
495.65 356.63
540.56 356.54
585.75 356.68
632.41 356.61
678.26 357.05
723.34 357.09
768.50 357.16
813.90 357.21
859.25 357.56
905.03 357.54
131.42 402.15
177.85 401.91
222.99 401.93
267.48 402.48
312.99 402.17
358.94 401.86
404.45 402.10
450.41 402.18
495.76 402.29
540.56 402.59
585.64 402.74
632.49 403.09
678.22 402.57
723.30 402.47
768.88 402.73
813.71 402.88
859.40 402.57
905.08 402.04
83.39 447.41
131.30 446.75
177.85 446.96
223.14 447.43
267.30 447.51
312.91 447.02
358.74 447.61
404.61 447.06
450.55 447.22
496.17 447.91
540.83 447.83
585.90 447.88
632.20 447.92
677.97 448.09
723.23 447.98
768.85 447.96
813.68 447.96
859.12 447.93
904.99 447.48
952.14 447.68
82.99 493.28
130.89 493.19
177.48 492.60
222.80 492.29
267.80 492.93
312.87 493.20
358.37 493.27
404.22 493.01
451.06 492.91
496.30 493.24
540.83 493.38
585.97 493.54
631.89 493.23
678.04 492.99
723.28 493.44
768.35 492.76
813.64 492.99
858.93 493.29
905.33 493.35
952.26 493.64
130.19 538.04
177.15 538.06
222.97 537.66
268.52 538.48
313.21 538.61
357.84 538.47
403.69 538.27
450.96 537.75
496.23 538.66
540.65 539.04
585.68 538.41
631.91 537.98
677.64 538.44
723.00 538.61
768.10 538.31
813.45 538.56
858.84 538.61
905.45 538.25
129.71 584.87
176.89 584.08
222.79 583.61
268.88 583.44
313.33 583.52
357.90 583.68
403.33 584.35
450.79 584.01
496.07 583.20
540.51 582.73
585.87 583.71
632.18 583.98
677.84 584.14
722.81 583.97
767.97 583.98
813.49 584.28
859.04 584.37
905.55 584.93
129.09 630.22
176.19 629.66
222.58 628.89
268.55 628.47
313.55 628.69
358.57 629.33
403.76 630.50
449.48 629.82
494.84 628.22
541.04 627.88
586.70 628.98
632.41 629.64
678.14 629.82
723.03 629.50
768.12 629.78
813.78 630.07
859.24 630.03
905.55 629.89
175.27 674.75
222.03 674.02
268.17 674.22
313.42 674.03
359.27 674.06
404.19 675.06
448.49 674.63
494.08 675.05
541.58 675.09
587.25 675.25
632.33 674.94
677.56 675.06
722.82 674.72
768.39 674.72
814.01 674.69
859.43 675.26
174.52 719.99
221.59 719.68
268.56 719.53
313.85 719.85
359.02 719.87
403.98 720.04
448.87 720.30
495.11 721.17
540.98 721.27
586.93 720.99
631.86 720.69
677.22 720.36
722.24 720.12
768.02 719.70
814.04 719.53
860.49 720.65
221.19 765.69
268.66 765.54
313.93 765.21
359.00 764.96
404.23 765.05
449.30 765.38
495.50 765.47
540.60 766.03
586.60 766.10
631.64 765.70
676.58 765.26
722.15 765.37
767.63 765.70
814.26 765.85
267.68 811.62
313.19 810.47
358.61 810.29
404.16 810.51
449.34 810.24
495.32 810.19
541.00 810.34
586.23 810.95
631.46 810.77
676.52 810.39
722.56 811.10
768.38 811.90
358.19 857.02
403.50 856.70
449.22 856.56
495.05 856.09
541.12 856.42
586.20 856.64
631.33 856.80
676.39 857.06
495.07 903.52
540.90 903.04
