486.66 143.91
514.64 144.82
541.98 144.75
377.60 171.43
405.87 172.00
433.22 171.86
459.93 172.03
487.66 172.26
514.61 172.71
541.85 172.05
569.12 172.14
596.35 172.01
623.68 171.88
651.72 172.21
323.65 198.42
350.98 199.11
378.58 199.15
405.88 199.73
432.79 199.65
459.92 199.25
487.44 199.28
514.44 199.05
541.82 199.17
568.62 199.16
595.91 199.63
623.49 199.71
650.75 199.10
678.63 199.68
705.29 199.34
295.91 225.75
323.65 226.17
351.08 226.13
378.78 226.62
405.66 226.50
433.04 226.01
460.60 226.68
487.63 226.67
514.58 226.77
541.80 226.08
568.87 226.39
596.47 226.61
623.63 226.05
650.80 226.48
677.63 226.74
705.55 226.82
732.54 226.70
268.88 253.38
296.60 254.01
324.01 253.84
351.61 253.87
378.70 253.93
405.72 253.92
432.87 253.90
460.56 253.95
487.57 254.03
514.59 253.99
541.82 253.90
568.78 253.87
596.40 253.99
623.66 253.86
650.57 253.90
678.51 254.08
705.31 254.24
733.73 254.17
760.41 254.62
241.93 280.58
269.05 280.81
296.82 281.17
323.84 280.82
351.01 280.94
378.54 280.94
405.61 281.01
432.73 281.04
459.84 280.97
487.37 281.00
514.39 280.97
541.76 280.93
568.83 281.08
596.48 281.17
623.57 281.10
650.60 280.84
677.69 281.11
705.35 281.05
732.42 281.14
759.75 280.87
787.47 281.82
214.42 307.52
242.07 307.77
269.82 308.45
296.64 308.02
324.05 307.95
351.01 307.88
378.67 308.01
405.63 308.03
432.83 307.90
459.89 307.87
487.41 307.98
514.56 307.96
541.65 307.81
569.55 307.99
596.48 308.06
623.66 307.94
650.70 308.08
677.76 307.96
705.49 308.52
732.61 308.12
759.63 308.54
787.37 307.91
814.54 308.84
187.09 335.83
215.17 335.58
242.66 335.80
269.61 335.89
296.76 335.87
323.87 335.72
351.74 335.91
378.68 335.75
405.70 335.80
432.85 335.62
460.48 335.78
487.48 335.66
514.58 335.73
541.88 335.66
569.60 335.73
596.56 335.78
623.73 335.84
650.81 335.70
678.51 335.94
705.42 335.88
732.64 335.93
760.49 336.04
787.46 336.12
814.15 335.74
842.83 336.50
186.83 361.51
215.05 363.11
242.60 363.08
269.62 362.93
296.62 362.99
323.94 362.95
351.02 362.80
378.56 362.92
405.49 362.80
432.72 362.77
459.86 362.81
487.50 362.81
514.48 362.81
541.77 362.80
569.46 362.86
596.47 362.93
623.77 362.77
650.79 362.96
678.52 362.95
705.41 363.10
732.69 362.95
759.65 363.04
787.44 363.00
814.38 363.58
841.59 362.74
159.95 389.63
188.02 390.10
214.86 389.98
242.05 390.05
269.52 390.13
296.62 390.17
323.76 389.91
350.88 389.89
378.43 389.86
405.58 389.94
432.78 389.87
459.77 389.89
487.39 389.92
514.51 390.05
541.74 389.90
569.52 390.06
596.43 390.01
623.73 390.03
650.76 389.97
678.58 390.11
705.51 390.09
732.53 390.11
759.79 390.16
787.50 390.28
814.29 390.55
841.62 390.38
869.51 390.63
159.80 416.76
188.03 417.12
214.96 417.47
242.59 417.13
269.72 417.45
296.71 417.47
323.85 416.98
350.93 416.91
378.56 416.94
405.51 416.96
432.79 416.91
459.77 416.92
487.46 417.30
514.53 417.32
541.81 416.91
569.52 417.43
596.65 417.47
623.73 416.87
650.86 416.89
678.64 417.37
705.56 417.50
732.63 417.02
759.78 417.50
787.55 417.58
814.44 417.51
841.46 417.69
869.47 417.41
159.98 444.54
188.13 444.72
214.93 444.93
242.59 444.94
269.72 444.82
296.62 444.85
323.88 444.71
351.02 444.65
378.59 444.70
405.58 444.74
432.88 444.68
460.51 444.78
487.54 444.81
514.48 444.78
541.81 444.68
569.52 444.85
596.55 444.91
623.81 444.78
651.42 444.89
678.55 444.88
705.51 444.81
732.70 444.82
759.67 444.81
787.51 445.05
814.54 445.05
841.25 444.94
869.63 445.24
159.97 470.81
188.04 471.88
214.95 471.92
242.08 471.81
269.60 471.96
296.54 471.95
323.71 471.70
350.93 471.72
378.54 471.86
405.57 471.88
432.81 471.80
459.79 471.74
487.54 471.84
514.47 471.89
541.74 471.85
569.57 471.92
596.40 471.93
623.73 471.92
650.83 471.84
678.48 471.97
705.60 472.04
732.69 471.86
759.66 471.94
787.42 472.11
814.40 472.08
841.49 472.10
869.38 472.04
132.92 498.80
160.82 498.93
187.89 498.87
214.79 498.98
242.01 498.84
269.57 498.87
296.51 498.90
323.77 498.82
350.79 498.85
378.49 498.86
405.54 498.90
432.73 498.84
459.86 498.89
487.44 499.00
514.64 499.37
541.81 498.94
568.90 499.30
596.60 499.43
623.69 498.94
650.74 499.02
678.58 499.45
705.53 499.00
732.81 499.41
759.67 499.06
787.41 499.15
814.53 499.53
841.50 498.97
869.50 499.65
896.63 499.68
132.74 525.54
161.04 525.86
187.72 526.23
215.07 526.34
242.05 525.89
269.67 526.25
296.60 526.32
323.85 525.90
350.92 526.16
378.61 526.23
405.64 526.39
432.91 526.23
459.96 526.28
487.61 526.32
514.61 526.42
541.91 526.40
569.50 526.37
596.54 526.45
623.76 526.33
651.58 526.57
678.59 526.40
705.61 526.49
732.87 526.48
759.75 526.40
787.56 526.56
814.23 526.43
841.78 526.35
868.44 526.43
896.43 526.35
132.48 553.15
160.96 554.05
188.05 553.77
214.90 553.77
242.57 553.89
269.73 553.87
296.64 553.90
323.90 553.80
351.48 553.80
378.66 553.92
405.60 553.89
432.97 553.84
460.47 553.87
487.55 553.83
514.64 553.91
541.89 553.89
569.49 553.95
596.50 554.00
623.79 553.97
651.52 554.06
678.61 554.01
705.62 554.00
732.65 553.95
760.55 554.17
787.39 554.02
814.42 553.81
841.56 553.95
869.26 554.21
896.29 554.24
160.09 580.50
188.00 580.79
214.81 580.87
241.98 580.77
269.55 580.85
296.56 580.92
323.78 580.87
350.86 580.85
378.49 580.91
405.52 580.98
432.80 580.81
460.40 580.99
487.63 581.37
514.52 580.95
541.85 580.92
569.61 581.41
596.57 581.43
623.70 580.96
650.91 581.31
678.65 581.46
705.52 581.05
732.67 581.00
759.58 580.96
787.44 581.42
814.40 581.33
841.41 581.01
869.30 581.27
159.73 607.06
188.14 607.81
214.68 607.79
242.05 607.77
269.70 607.94
296.66 608.29
323.86 607.91
351.07 607.96
378.57 608.25
405.59 608.30
432.96 608.25
459.89 607.83
487.59 608.31
514.67 608.32
541.86 608.22
569.56 608.37
596.65 608.40
623.83 608.38
651.00 608.26
678.59 608.48
705.57 608.49
732.92 608.29
759.75 608.34
787.45 607.99
814.50 607.86
841.30 608.39
869.52 607.79
159.81 634.88
188.15 635.44
214.90 635.70
242.10 635.58
269.75 635.71
296.78 635.77
323.97 635.64
351.49 635.83
378.66 635.84
405.69 635.87
432.92 635.77
460.51 635.83
487.58 635.82
514.59 635.76
542.51 635.85
569.60 635.85
596.62 635.91
623.89 635.82
651.52 635.93
678.55 635.88
705.59 635.81
732.78 635.82
760.46 635.82
787.44 635.70
814.52 635.80
841.42 635.44
869.54 635.80
159.77 662.31
187.90 662.81
214.92 662.73
242.55 662.69
269.50 662.79
296.74 662.76
323.90 662.80
351.00 662.81
378.60 663.01
405.58 662.97
432.83 662.93
460.57 662.95
487.53 662.91
514.75 663.00
542.56 663.02
569.54 663.00
596.61 662.99
623.80 662.91
651.50 663.05
678.45 662.96
705.53 662.96
732.64 662.73
760.45 662.88
787.51 662.87
814.20 662.85
841.70 663.07
869.28 663.25
187.34 689.85
215.00 689.62
242.58 689.88
269.63 689.81
296.65 689.91
323.98 689.80
351.01 689.91
378.57 689.99
405.62 690.39
432.81 689.88
459.89 689.96
487.64 690.34
514.77 690.45
541.95 690.33
569.47 690.08
596.54 690.37
623.73 689.97
650.94 690.33
678.63 690.51
705.46 690.22
732.63 689.91
759.55 689.91
787.52 690.27
814.19 690.27
841.82 690.44
186.75 715.98
215.19 717.49
242.74 717.11
269.74 717.31
296.83 717.27
323.98 717.21
351.06 716.76
378.59 717.33
405.80 717.37
432.92 717.36
460.56 717.54
487.61 717.46
514.60 717.43
541.94 717.36
569.54 717.55
596.58 717.50
623.75 717.28
650.85 717.37
678.45 717.40
705.58 717.40
732.58 716.85
760.46 717.34
787.27 717.20
814.33 717.69
842.47 717.17
214.47 743.91
242.81 744.93
269.77 744.52
296.86 744.86
324.10 744.65
351.63 744.86
378.74 744.63
405.65 744.84
432.96 744.79
460.47 744.89
487.58 744.84
514.65 744.84
542.51 744.86
569.55 744.88
596.58 744.97
623.78 744.83
650.75 744.68
678.46 744.77
705.41 744.77
732.75 744.81
759.71 744.70
787.51 745.05
814.28 745.14
241.89 770.91
269.76 771.90
296.73 771.60
324.53 771.81
351.61 771.81
378.70 771.94
405.68 771.74
432.85 771.70
460.55 771.78
487.62 772.30
514.60 771.91
541.88 771.78
569.53 771.80
596.52 771.84
623.59 771.91
650.92 772.20
678.41 771.88
705.57 772.37
732.57 771.76
760.50 771.97
787.27 772.23
269.20 798.30
296.58 799.09
324.02 798.63
351.69 799.21
378.76 799.34
405.84 799.36
433.04 799.18
460.66 799.29
487.68 799.29
514.64 799.31
541.98 799.13
569.06 799.18
596.47 799.41
623.71 799.23
650.62 799.23
678.58 799.43
705.44 799.29
732.81 798.82
760.41 799.38
296.59 825.53
323.80 825.55
351.63 825.96
378.70 826.18
405.71 826.41
433.72 826.44
460.54 826.32
487.75 826.38
514.65 826.29
541.95 826.23
568.90 826.24
596.39 826.39
623.66 826.28
650.75 826.05
678.31 826.22
705.69 826.19
732.81 826.31
324.04 853.53
351.59 853.66
378.72 853.76
405.86 853.43
432.99 853.38
460.68 853.58
487.61 853.66
514.64 853.87
542.62 853.71
569.57 853.54
596.57 853.46
623.60 853.44
651.57 853.83
678.62 854.10
705.12 854.21
377.81 880.36
405.73 881.21
433.66 881.26
460.58 881.10
487.84 881.27
514.54 880.51
542.67 880.82
569.61 881.09
596.21 881.11
623.72 881.20
651.53 881.11
486.95 907.66
514.71 908.38
542.62 908.26
