486.53 132.05
513.98 132.06
541.32 131.94
376.67 159.37
404.10 159.41
431.60 159.37
459.04 159.40
486.55 159.42
513.98 159.41
541.38 159.35
568.85 159.35
596.34 159.31
623.84 159.34
651.28 159.32
321.86 186.87
349.22 186.82
376.69 186.83
404.11 186.83
431.61 186.83
459.10 186.79
486.62 186.86
514.04 186.84
541.35 186.71
568.88 186.72
596.33 186.75
623.86 186.75
651.30 186.76
678.76 186.73
706.24 186.67
294.37 214.24
321.85 214.19
349.21 214.18
376.65 214.15
404.12 214.18
431.64 214.18
459.07 214.17
486.56 214.19
513.95 214.18
541.40 214.11
568.89 214.14
596.33 214.11
623.84 214.07
651.31 214.06
678.80 214.02
706.26 214.03
733.73 214.03
266.94 241.82
294.38 241.77
321.93 241.78
349.24 241.76
376.73 241.71
404.14 241.73
431.64 241.72
459.09 241.72
486.58 241.66
514.02 241.60
541.40 241.62
568.93 241.66
596.36 241.65
623.85 241.59
651.32 241.60
678.76 241.54
706.28 241.62
733.71 241.54
761.19 241.54
239.47 269.21
266.95 269.17
294.41 269.15
321.90 269.14
349.27 269.15
376.72 269.11
404.16 269.12
431.70 269.15
459.14 269.14
486.62 269.09
514.03 269.10
541.43 269.06
568.92 269.06
596.39 269.08
623.90 269.04
651.33 269.05
678.82 269.00
706.24 268.95
733.75 268.95
761.20 268.95
788.64 268.91
211.94 296.60
239.53 296.61
266.94 296.61
294.45 296.56
321.90 296.58
349.28 296.55
376.72 296.49
404.20 296.48
431.68 296.50
459.17 296.51
486.62 296.42
514.03 296.39
541.40 296.40
568.95 296.45
596.42 296.43
623.91 296.41
651.38 296.37
678.80 296.32
706.30 296.35
733.80 296.30
761.24 296.30
788.61 296.27
816.04 296.26
184.59 324.23
211.86 324.18
239.47 324.24
266.94 324.22
294.36 324.14
321.93 324.14
349.23 324.14
376.73 324.13
404.23 324.10
431.66 324.09
459.16 324.06
486.62 324.08
514.03 324.10
541.44 324.10
568.95 324.06
596.35 324.05
623.94 324.08
651.32 324.01
678.88 324.07
706.26 324.00
733.80 323.87
761.24 324.00
788.62 324.04
816.14 323.95
843.58 323.92
184.55 351.63
211.98 351.63
239.50 351.60
266.97 351.60
294.44 351.56
321.93 351.56
349.27 351.51
376.77 351.50
404.23 351.51
431.70 351.49
459.16 351.52
486.65 351.44
514.09 351.47
541.45 351.38
568.99 351.36
596.44 351.41
623.93 351.35
651.40 351.41
678.83 351.33
706.33 351.38
733.83 351.35
761.23 351.32
788.70 351.26
816.15 351.29
843.63 351.30
157.21 379.12
184.65 379.09
212.01 379.09
239.53 379.06
267.05 379.09
294.46 379.05
321.99 379.06
349.36 379.01
376.80 378.98
404.22 379.01
431.74 379.01
459.21 378.97
486.69 378.98
514.13 379.01
541.47 378.97
568.99 378.93
596.43 378.94
623.96 378.93
651.44 378.83
678.86 378.83
706.39 378.85
733.81 378.86
761.26 378.81
788.73 378.79
816.10 378.76
843.66 378.80
871.04 378.76
157.25 406.68
184.68 406.70
212.01 406.61
239.58 406.64
267.08 406.58
294.50 406.58
321.99 406.55
349.33 406.53
376.84 406.53
404.24 406.54
431.73 406.48
459.25 406.47
486.69 406.47
514.10 406.46
541.47 406.41
568.99 406.40
596.44 406.44
623.99 406.44
651.40 406.39
678.88 406.34
706.36 406.36
733.80 406.36
761.23 406.32
788.64 406.29
816.09 406.27
843.64 406.26
871.06 406.24
157.26 434.11
184.70 434.08
212.05 434.01
239.58 434.07
267.04 434.02
294.50 434.00
322.00 433.99
349.38 433.96
376.80 433.92
404.26 433.92
431.77 433.94
459.20 433.96
486.74 433.89
514.15 433.90
541.55 433.90
569.08 433.93
596.50 433.88
624.01 433.87
651.46 433.83
678.93 433.79
706.38 433.81
733.84 433.80
761.32 433.78
788.72 433.73
816.13 433.74
843.68 433.76
871.13 433.68
157.30 461.53
184.65 461.50
212.02 461.48
239.57 461.46
267.05 461.45
294.50 461.48
321.97 461.43
349.34 461.36
376.87 461.40
404.24 461.39
431.74 461.35
459.27 461.34
486.74 461.35
514.20 461.38
541.55 461.27
569.09 461.27
596.51 461.28
624.00 461.27
651.45 461.26
678.94 461.24
706.43 461.25
733.88 461.24
761.31 461.21
788.77 461.19
816.17 461.17
843.70 461.17
871.14 461.14
130.03 488.91
157.33 488.96
184.71 488.91
212.05 488.91
239.57 488.85
267.07 488.89
294.50 488.88
322.05 488.84
349.39 488.83
376.85 488.81
404.31 488.80
431.74 488.80
459.29 488.82
486.74 488.77
514.16 488.76
541.51 488.77
569.07 488.73
596.46 488.74
624.04 488.75
651.45 488.65
678.92 488.69
706.41 488.65
733.86 488.66
761.31 488.63
788.71 488.59
816.12 488.53
843.69 488.60
871.08 488.56
898.53 488.52
129.94 516.35
157.39 516.32
184.71 516.35
212.09 516.36
239.63 516.29
267.08 516.29
294.56 516.28
322.04 516.29
349.40 516.30
376.94 516.28
404.36 516.23
431.79 516.25
459.33 516.23
486.75 516.17
514.21 516.17
541.57 516.15
569.07 516.17
596.51 516.13
624.03 516.11
651.47 516.09
678.94 516.07
706.39 516.07
733.88 516.09
761.28 516.05
788.74 516.03
816.16 516.03
843.72 516.02
871.17 515.98
898.54 515.96
130.00 543.85
157.32 543.85
184.71 543.86
212.11 543.83
239.62 543.78
267.09 543.80
294.52 543.79
322.04 543.77
349.42 543.75
376.87 543.73
404.31 543.73
431.81 543.71
459.30 543.68
486.79 543.60
514.23 543.61
541.57 543.61
569.05 543.59
596.56 543.59
624.10 543.57
651.50 543.60
678.98 543.59
706.45 543.59
733.94 543.57
761.35 543.55
788.73 543.55
816.18 543.51
843.72 543.50
871.13 543.48
898.57 543.45
157.32 571.37
184.72 571.36
212.11 571.37
239.62 571.35
267.13 571.32
294.59 571.32
322.07 571.27
349.44 571.29
376.89 571.30
404.34 571.24
431.80 571.28
459.31 571.26
486.80 571.21
514.25 571.28
541.60 571.20
569.07 571.19
596.55 571.16
624.11 571.12
651.49 571.13
679.01 571.11
706.46 571.12
733.96 571.10
761.37 571.08
788.82 571.00
816.19 571.03
843.77 571.04
871.21 571.00
157.35 598.83
184.74 598.79
212.09 598.80
239.66 598.76
267.14 598.73
294.58 598.71
322.11 598.73
349.39 598.71
376.89 598.67
404.34 598.66
431.86 598.64
459.34 598.59
486.81 598.60
514.28 598.61
541.60 598.58
569.14 598.57
596.53 598.55
624.11 598.55
651.55 598.54
679.02 598.54
706.46 598.52
733.96 598.50
761.38 598.51
788.78 598.46
816.18 598.44
843.78 598.43
871.15 598.41
157.35 626.45
184.95 626.59
212.18 626.40
239.65 626.36
267.12 626.33
294.61 626.34
322.10 626.28
349.45 626.30
376.91 626.29
404.44 626.28
431.86 626.25
459.36 626.24
486.83 626.27
514.27 626.26
541.62 626.21
569.16 626.17
596.59 626.21
624.15 626.14
651.53 626.24
679.13 626.15
706.19 625.48
733.97 626.09
761.42 626.05
788.85 626.02
816.24 626.04
843.81 626.02
871.17 625.99
157.35 653.87
184.93 653.66
212.20 653.69
239.68 653.76
267.17 653.71
294.64 653.70
322.11 653.67
349.50 653.71
376.94 653.70
404.42 653.69
431.89 653.63
459.40 653.63
486.88 653.66
514.29 653.58
541.66 653.60
569.17 653.55
596.59 653.57
624.16 653.57
651.53 653.48
679.12 653.49
706.46 653.46
734.00 653.47
761.41 653.48
788.83 653.46
816.23 653.47
843.79 653.43
871.22 653.42
184.75 681.20
212.17 681.16
239.65 681.15
267.15 681.13
294.66 681.15
322.13 681.11
349.56 681.19
376.96 681.10
404.39 681.10
431.88 681.06
459.40 681.02
486.84 681.03
514.29 681.11
541.69 681.01
569.21 680.98
596.65 680.99
624.19 680.90
651.59 680.95
679.13 680.93
706.52 680.91
733.99 680.94
761.44 680.90
788.86 680.89
816.28 680.85
843.77 680.79
184.80 708.62
212.20 708.63
239.71 708.59
267.19 708.59
294.61 708.62
322.12 708.58
349.50 708.59
377.00 708.60
404.45 708.51
431.91 708.53
459.43 708.48
486.89 708.46
514.30 708.50
541.69 708.48
569.20 708.48
596.65 708.41
624.19 708.45
651.73 708.46
679.09 708.36
706.55 708.39
734.01 708.38
761.41 708.34
788.89 708.32
816.28 708.29
843.85 708.27
212.19 736.15
239.63 736.17
267.17 736.11
294.68 736.10
322.17 736.06
349.54 736.06
377.01 736.03
404.45 736.05
431.92 736.01
459.46 735.96
486.88 735.97
514.32 735.96
541.70 735.97
569.24 735.92
596.66 735.89
624.20 735.86
651.67 735.84
679.14 735.84
706.70 735.93
734.06 735.82
761.46 735.80
788.88 735.80
816.30 735.79
239.68 763.57
267.21 763.56
294.68 763.57
322.16 763.55
349.51 763.51
377.01 763.52
404.50 763.48
431.91 763.48
459.45 763.44
486.85 763.45
514.39 763.43
541.68 763.40
569.23 763.40
596.68 763.42
624.21 763.36
651.63 763.39
679.14 763.40
706.60 763.29
734.03 763.35
761.52 763.32
788.90 763.31
267.23 790.90
294.72 790.89
322.15 790.91
349.57 790.87
376.99 790.88
404.49 790.84
431.94 790.86
459.46 790.83
486.90 790.78
514.38 790.78
541.75 790.76
569.24 790.80
596.67 790.73
624.21 790.71
651.69 790.70
679.17 790.70
706.59 790.71
734.08 790.68
761.46 790.69
294.69 818.40
322.18 818.37
349.57 818.36
377.03 818.35
404.49 818.31
431.92 818.22
459.44 818.26
486.91 818.28
514.39 818.21
541.77 818.29
569.26 818.24
596.73 818.16
624.22 818.17
651.69 818.22
679.18 818.17
706.59 818.14
734.12 818.17
322.17 845.88
349.60 845.90
377.06 845.93
404.51 845.84
431.93 845.88
459.45 845.82
486.94 845.82
514.43 845.75
541.72 845.79
569.33 845.77
596.73 845.74
624.26 845.72
651.67 845.75
679.18 845.72
706.61 845.72
377.10 873.44
404.53 873.38
431.99 873.36
459.51 873.31
486.95 873.33
514.45 873.28
541.74 873.31
569.31 873.32
596.78 873.45
624.25 873.26
651.65 873.25
487.02 900.80
514.45 900.77
541.77 900.72
