495.51 38.39
540.75 38.13
359.81 83.91
405.13 84.04
450.38 83.75
495.51 84.23
541.00 84.09
586.36 84.09
632.18 84.60
678.03 84.76
268.66 129.61
313.96 129.72
359.53 129.51
404.87 129.46
450.11 129.45
495.45 129.80
541.20 130.05
586.36 130.00
632.21 129.77
678.40 130.20
723.45 130.71
768.18 130.36
223.27 174.77
268.66 174.71
313.94 174.54
359.29 174.53
404.77 175.12
450.21 175.15
495.80 175.19
540.83 175.11
586.27 175.17
632.30 175.57
678.43 175.06
723.18 174.84
768.06 175.08
813.39 175.37
177.70 219.55
223.06 219.77
268.72 220.14
313.75 219.93
359.34 220.04
404.85 220.23
450.22 220.02
495.52 220.13
540.72 220.40
586.36 220.46
632.21 220.38
677.85 220.11
723.28 219.88
768.43 220.00
813.49 220.35
858.58 220.94
177.99 265.91
223.20 265.68
268.15 265.79
313.41 265.17
359.38 265.41
404.86 265.56
450.55 265.71
495.42 265.64
540.73 265.65
586.40 265.69
632.30 265.52
677.51 265.56
723.43 266.24
768.80 266.13
813.63 266.38
858.56 266.68
132.00 311.63
178.08 312.00
222.97 311.76
267.70 311.43
313.54 311.39
359.37 310.79
404.66 310.92
450.14 310.57
495.52 311.14
540.56 311.33
586.14 311.03
632.23 310.94
677.72 311.45
723.34 312.03
768.81 311.67
814.07 312.09
858.70 312.07
904.73 312.62
132.12 356.57
178.01 356.95
222.88 356.88
267.57 356.92
313.16 356.25
358.95 356.50
404.56 356.09
450.47 356.47
495.64 356.58
540.51 356.55
585.79 356.65
632.44 356.60
678.26 357.08
723.33 357.07
768.53 357.15
813.89 357.23
859.20 357.56
905.01 357.52
131.45 402.15
177.86 401.91
223.01 401.93
267.50 402.44
313.00 402.15
358.92 401.85
404.43 402.10
450.42 402.15
495.74 402.26
540.54 402.55
585.71 402.74
632.47 403.06
678.23 402.55
723.28 402.44
768.91 402.68
813.69 402.81
859.30 402.56
905.10 402.10
83.43 447.38
131.30 446.74
177.86 446.95
223.11 447.40
267.31 447.47
312.93 447.00
358.74 447.58
404.62 447.02
450.53 447.21
496.12 447.89
540.85 447.82
585.96 447.87
632.22 447.87
677.91 448.06
723.21 447.98
768.87 447.94
813.67 447.91
859.12 447.91
905.01 447.50
952.16 447.67
83.02 493.28
130.92 493.20
177.47 492.65
222.78 492.31
267.76 492.95
312.87 493.19
358.36 493.31
404.25 493.02
451.04 492.92
496.27 493.23
540.84 493.40
586.00 493.55
631.87 493.18
678.04 493.00
723.29 493.51
768.38 492.79
813.65 493.04
858.96 493.33
905.37 493.32
952.30 493.69
130.28 538.06
177.16 538.08
222.92 537.66
268.50 538.44
313.22 538.58
357.88 538.50
403.74 538.31
450.92 537.77
496.19 538.67
540.63 539.05
585.69 538.41
631.88 537.97
677.59 538.45
722.93 538.57
768.07 538.31
813.48 538.61
858.90 538.63
905.43 538.22
129.79 584.86
176.90 584.12
222.79 583.59
268.87 583.43
313.35 583.55
357.98 583.69
403.40 584.38
450.77 584.00
496.04 583.22
540.53 582.81
585.89 583.68
632.15 583.98
677.83 584.06
722.81 583.98
768.00 583.98
813.50 584.29
859.02 584.34
905.50 584.88
129.14 630.14
176.23 629.66
222.53 628.90
268.54 628.49
313.55 628.71
358.62 629.34
403.80 630.48
449.48 629.82
494.85 628.25
541.02 627.91
586.67 628.98
632.39 629.61
678.11 629.82
723.05 629.51
768.17 629.82
813.79 630.09
859.26 630.03
905.56 629.89
175.34 674.74
222.05 674.01
268.15 674.22
313.42 674.00
359.33 674.04
404.19 675.04
448.56 674.62
494.13 675.05
541.49 675.05
587.16 675.22
632.30 674.93
677.56 675.04
722.82 674.69
768.40 674.69
814.02 674.71
859.41 675.28
174.59 719.97
221.59 719.71
268.56 719.52
313.88 719.87
359.03 719.91
404.00 720.04
448.93 720.29
495.09 721.13
540.91 721.19
586.92 720.91
631.88 720.66
677.25 720.36
722.26 720.18
768.02 719.72
814.03 719.59
860.47 720.68
221.18 765.69
268.69 765.54
313.97 765.23
359.04 764.97
404.25 765.09
449.28 765.40
495.42 765.49
540.58 766.03
586.61 766.11
631.67 765.69
676.65 765.27
722.14 765.43
767.62 765.70
814.23 765.87
267.73 811.63
313.27 810.53
358.67 810.34
404.15 810.58
449.32 810.29
495.32 810.28
541.00 810.43
586.18 811.05
631.48 810.80
676.60 810.43
722.56 811.11
768.37 811.87
358.30 857.01
403.59 856.73
449.25 856.67
495.05 856.20
541.08 856.48
586.11 856.69
631.36 856.82
676.46 857.05
495.06 903.51
540.82 903.02
