495.53 38.39
540.76 38.12
359.82 83.99
405.19 84.11
450.40 83.73
495.52 84.23
540.94 84.06
586.37 84.13
632.16 84.64
677.98 84.83
268.65 129.71
313.95 129.82
359.58 129.60
404.89 129.52
450.11 129.49
495.48 129.83
541.20 130.07
586.36 130.07
632.23 129.81
678.38 130.28
723.44 130.75
768.13 130.47
223.25 174.75
268.64 174.71
313.94 174.61
359.27 174.61
404.77 175.18
450.15 175.18
495.83 175.22
540.87 175.12
586.30 175.23
632.36 175.66
678.41 175.10
723.18 174.87
768.02 175.11
813.37 175.36
177.72 219.54
223.07 219.73
268.77 220.15
313.77 219.94
359.33 220.06
404.89 220.26
450.16 220.05
495.50 220.17
540.72 220.37
586.39 220.51
632.24 220.41
677.87 220.15
723.30 219.93
768.43 220.01
813.50 220.36
858.56 220.99
177.98 265.94
223.20 265.67
268.20 265.70
313.46 265.17
359.35 265.36
404.92 265.56
450.55 265.74
495.41 265.64
540.77 265.70
586.38 265.68
632.30 265.48
677.53 265.55
723.36 266.24
768.78 266.13
813.60 266.35
858.54 266.71
131.96 311.69
178.07 312.02
222.96 311.81
267.73 311.45
313.54 311.35
359.35 310.76
404.66 310.91
450.12 310.56
495.53 311.19
540.56 311.34
586.15 311.02
632.24 310.93
677.76 311.45
723.32 312.01
768.81 311.66
814.02 312.03
858.75 312.13
904.74 312.69
132.13 356.64
178.03 356.97
222.87 356.89
267.53 356.90
313.17 356.24
358.94 356.49
404.52 356.08
450.44 356.51
495.65 356.63
540.57 356.55
585.75 356.69
632.41 356.61
678.26 357.06
723.33 357.09
768.49 357.16
813.89 357.20
859.24 357.56
905.02 357.53
131.43 402.15
177.86 401.91
223.00 401.93
267.48 402.47
312.99 402.17
358.94 401.85
404.45 402.10
450.41 402.17
495.77 402.30
540.58 402.59
585.64 402.74
632.49 403.10
678.23 402.58
723.30 402.47
768.87 402.73
813.70 402.88
859.39 402.57
905.06 402.05
83.40 447.41
131.30 446.75
177.86 446.95
223.14 447.42
267.30 447.50
312.91 447.01
358.75 447.59
404.61 447.05
450.55 447.21
496.18 447.90
540.85 447.83
585.90 447.87
632.20 447.91
677.98 448.08
723.24 447.97
768.84 447.95
813.68 447.96
859.11 447.93
904.99 447.47
952.14 447.68
82.98 493.28
130.90 493.19
177.48 492.60
222.80 492.30
267.80 492.93
312.89 493.19
358.37 493.28
404.23 493.01
451.07 492.91
496.32 493.25
540.84 493.39
585.98 493.55
631.89 493.22
678.02 492.98
723.27 493.43
768.34 492.76
813.64 492.99
858.93 493.30
905.32 493.36
952.25 493.65
130.19 538.04
177.15 538.05
222.98 537.66
268.52 538.48
313.22 538.61
357.85 538.46
403.71 538.28
450.96 537.75
496.23 538.67
540.66 539.04
585.69 538.42
631.90 537.97
677.63 538.43
723.00 538.60
768.09 538.30
813.46 538.57
858.84 538.62
905.44 538.26
129.72 584.87
176.90 584.08
222.80 583.61
268.88 583.46
313.34 583.53
357.91 583.69
403.33 584.35
450.79 584.02
496.08 583.22
540.52 582.74
585.88 583.71
632.17 583.97
677.83 584.14
722.81 583.97
767.97 583.97
813.49 584.28
859.04 584.37
905.55 584.93
129.11 630.22
176.19 629.66
222.60 628.89
268.54 628.47
313.56 628.71
358.57 629.34
403.76 630.52
449.49 629.83
494.85 628.23
541.04 627.88
586.69 628.98
632.41 629.65
678.14 629.83
723.03 629.50
768.12 629.77
813.78 630.07
859.24 630.03
905.55 629.89
175.29 674.75
222.04 674.03
268.18 674.23
313.42 674.04
359.26 674.08
404.19 675.08
448.50 674.63
494.09 675.04
541.58 675.08
587.25 675.24
632.34 674.94
677.56 675.06
722.81 674.72
768.40 674.72
814.00 674.70
859.43 675.27
174.53 719.99
221.60 719.68
268.56 719.53
313.85 719.85
359.03 719.87
403.98 720.05
448.87 720.30
495.12 721.17
540.99 721.27
586.93 720.99
631.86 720.68
677.21 720.35
722.24 720.13
768.01 719.69
814.04 719.53
860.48 720.66
221.21 765.69
268.68 765.54
313.94 765.21
359.00 764.95
404.23 765.05
449.30 765.38
495.50 765.47
540.60 766.03
586.60 766.09
631.62 765.69
676.57 765.25
722.16 765.37
767.62 765.70
814.25 765.83
267.70 811.60
313.21 810.46
358.61 810.28
404.15 810.51
449.34 810.23
495.31 810.19
540.98 810.33
586.22 810.95
631.47 810.75
676.52 810.37
722.56 811.08
768.38 811.88
358.21 857.02
403.51 856.70
449.22 856.55
495.04 856.07
541.12 856.40
586.20 856.62
631.33 856.79
676.38 857.05
495.06 903.51
540.89 903.02
