4.541818181818181870e+02 7.663636363636364024e+01
4.814545454545454390e+02 7.663636363636364024e+01
5.087272727272727479e+02 7.663636363636364024e+01
3.450909090909091219e+02 1.039090909090909065e+02
3.723636363636363740e+02 1.039090909090909065e+02
3.996363636363636260e+02 1.039090909090909065e+02
4.269090909090908781e+02 1.039090909090909065e+02
4.541818181818181870e+02 1.039090909090909065e+02
4.814545454545454390e+02 1.039090909090909065e+02
5.087272727272727479e+02 1.039090909090909065e+02
5.360000000000000000e+02 1.039090909090909065e+02
5.632727272727272521e+02 1.039090909090909065e+02
5.905454545454545041e+02 1.039090909090909065e+02
6.178181818181818699e+02 1.039090909090909065e+02
2.905454545454545041e+02 1.311818181818181870e+02
3.178181818181818130e+02 1.311818181818181870e+02
3.450909090909091219e+02 1.311818181818181870e+02
3.723636363636363740e+02 1.311818181818181870e+02
3.996363636363636260e+02 1.311818181818181870e+02
4.269090909090908781e+02 1.311818181818181870e+02
4.541818181818181870e+02 1.311818181818181870e+02
4.814545454545454390e+02 1.311818181818181870e+02
5.087272727272727479e+02 1.311818181818181870e+02
5.360000000000000000e+02 1.311818181818181870e+02
5.632727272727272521e+02 1.311818181818181870e+02
5.905454545454545041e+02 1.311818181818181870e+02
6.178181818181818699e+02 1.311818181818181870e+02
6.450909090909091219e+02 1.311818181818181870e+02
6.723636363636363740e+02 1.311818181818181870e+02
2.632727272727272521e+02 1.584545454545454390e+02
2.905454545454545041e+02 1.584545454545454390e+02
3.178181818181818130e+02 1.584545454545454390e+02
3.450909090909091219e+02 1.584545454545454390e+02
3.723636363636363740e+02 1.584545454545454390e+02
3.996363636363636260e+02 1.584545454545454390e+02
4.269090909090908781e+02 1.584545454545454390e+02
4.541818181818181870e+02 1.584545454545454390e+02
4.814545454545454390e+02 1.584545454545454390e+02
5.087272727272727479e+02 1.584545454545454390e+02
5.360000000000000000e+02 1.584545454545454390e+02
5.632727272727272521e+02 1.584545454545454390e+02
5.905454545454545041e+02 1.584545454545454390e+02
6.178181818181818699e+02 1.584545454545454390e+02
6.450909090909091219e+02 1.584545454545454390e+02
6.723636363636363740e+02 1.584545454545454390e+02
6.996363636363636260e+02 1.584545454545454390e+02
2.360000000000000000e+02 1.857272727272727479e+02
2.632727272727272521e+02 1.857272727272727479e+02
2.905454545454545041e+02 1.857272727272727479e+02
3.178181818181818130e+02 1.857272727272727479e+02
3.450909090909091219e+02 1.857272727272727479e+02
3.723636363636363740e+02 1.857272727272727479e+02
3.996363636363636260e+02 1.857272727272727479e+02
4.269090909090908781e+02 1.857272727272727479e+02
4.541818181818181870e+02 1.857272727272727479e+02
4.814545454545454390e+02 1.857272727272727479e+02
5.087272727272727479e+02 1.857272727272727479e+02
5.360000000000000000e+02 1.857272727272727479e+02
5.632727272727272521e+02 1.857272727272727479e+02
5.905454545454545041e+02 1.857272727272727479e+02
6.178181818181818699e+02 1.857272727272727479e+02
6.450909090909091219e+02 1.857272727272727479e+02
6.723636363636363740e+02 1.857272727272727479e+02
6.996363636363636260e+02 1.857272727272727479e+02
7.269090909090908781e+02 1.857272727272727479e+02
2.087272727272727479e+02 2.130000000000000000e+02
2.360000000000000000e+02 2.130000000000000000e+02
2.632727272727272521e+02 2.130000000000000000e+02
2.905454545454545041e+02 2.130000000000000000e+02
3.178181818181818130e+02 2.130000000000000000e+02
3.450909090909091219e+02 2.130000000000000000e+02
3.723636363636363740e+02 2.130000000000000000e+02
3.996363636363636260e+02 2.130000000000000000e+02
4.269090909090908781e+02 2.130000000000000000e+02
4.541818181818181870e+02 2.130000000000000000e+02
4.814545454545454390e+02 2.130000000000000000e+02
5.087272727272727479e+02 2.130000000000000000e+02
5.360000000000000000e+02 2.130000000000000000e+02
5.632727272727272521e+02 2.130000000000000000e+02
5.905454545454545041e+02 2.130000000000000000e+02
6.178181818181818699e+02 2.130000000000000000e+02
6.450909090909091219e+02 2.130000000000000000e+02
6.723636363636363740e+02 2.130000000000000000e+02
6.996363636363636260e+02 2.130000000000000000e+02
7.269090909090908781e+02 2.130000000000000000e+02
7.541818181818181301e+02 2.130000000000000000e+02
1.814545454545454390e+02 2.402727272727272521e+02
2.087272727272727479e+02 2.402727272727272521e+02
2.360000000000000000e+02 2.402727272727272521e+02
2.632727272727272521e+02 2.402727272727272521e+02
2.905454545454545041e+02 2.402727272727272521e+02
3.178181818181818130e+02 2.402727272727272521e+02
3.450909090909091219e+02 2.402727272727272521e+02
3.723636363636363740e+02 2.402727272727272521e+02
3.996363636363636260e+02 2.402727272727272521e+02
4.269090909090908781e+02 2.402727272727272521e+02
4.541818181818181870e+02 2.402727272727272521e+02
4.814545454545454390e+02 2.402727272727272521e+02
5.087272727272727479e+02 2.402727272727272521e+02
5.360000000000000000e+02 2.402727272727272521e+02
5.632727272727272521e+02 2.402727272727272521e+02
5.905454545454545041e+02 2.402727272727272521e+02
6.178181818181818699e+02 2.402727272727272521e+02
6.450909090909091219e+02 2.402727272727272521e+02
6.723636363636363740e+02 2.402727272727272521e+02
6.996363636363636260e+02 2.402727272727272521e+02
7.269090909090908781e+02 2.402727272727272521e+02
7.541818181818181301e+02 2.402727272727272521e+02
7.814545454545454959e+02 2.402727272727272521e+02
1.541818181818181870e+02 2.675454545454545041e+02
1.814545454545454390e+02 2.675454545454545041e+02
2.087272727272727479e+02 2.675454545454545041e+02
2.360000000000000000e+02 2.675454545454545041e+02
2.632727272727272521e+02 2.675454545454545041e+02
2.905454545454545041e+02 2.675454545454545041e+02
3.178181818181818130e+02 2.675454545454545041e+02
3.450909090909091219e+02 2.675454545454545041e+02
3.723636363636363740e+02 2.675454545454545041e+02
3.996363636363636260e+02 2.675454545454545041e+02
4.269090909090908781e+02 2.675454545454545041e+02
4.541818181818181870e+02 2.675454545454545041e+02
4.814545454545454390e+02 2.675454545454545041e+02
5.087272727272727479e+02 2.675454545454545041e+02
5.360000000000000000e+02 2.675454545454545041e+02
5.632727272727272521e+02 2.675454545454545041e+02
5.905454545454545041e+02 2.675454545454545041e+02
6.178181818181818699e+02 2.675454545454545041e+02
6.450909090909091219e+02 2.675454545454545041e+02
6.723636363636363740e+02 2.675454545454545041e+02
6.996363636363636260e+02 2.675454545454545041e+02
7.269090909090908781e+02 2.675454545454545041e+02
7.541818181818181301e+02 2.675454545454545041e+02
7.814545454545454959e+02 2.675454545454545041e+02
8.087272727272727479e+02 2.675454545454545041e+02
1.541818181818181870e+02 2.948181818181818130e+02
1.814545454545454390e+02 2.948181818181818130e+02
2.087272727272727479e+02 2.948181818181818130e+02
2.360000000000000000e+02 2.948181818181818130e+02
2.632727272727272521e+02 2.948181818181818130e+02
2.905454545454545041e+02 2.948181818181818130e+02
3.178181818181818130e+02 2.948181818181818130e+02
3.450909090909091219e+02 2.948181818181818130e+02
3.723636363636363740e+02 2.948181818181818130e+02
3.996363636363636260e+02 2.948181818181818130e+02
4.269090909090908781e+02 2.948181818181818130e+02
4.541818181818181870e+02 2.948181818181818130e+02
4.814545454545454390e+02 2.948181818181818130e+02
5.087272727272727479e+02 2.948181818181818130e+02
5.360000000000000000e+02 2.948181818181818130e+02
5.632727272727272521e+02 2.948181818181818130e+02
5.905454545454545041e+02 2.948181818181818130e+02
6.178181818181818699e+02 2.948181818181818130e+02
6.450909090909091219e+02 2.948181818181818130e+02
6.723636363636363740e+02 2.948181818181818130e+02
6.996363636363636260e+02 2.948181818181818130e+02
7.269090909090908781e+02 2.948181818181818130e+02
7.541818181818181301e+02 2.948181818181818130e+02
7.814545454545454959e+02 2.948181818181818130e+02
8.087272727272727479e+02 2.948181818181818130e+02
1.269090909090909065e+02 3.220909090909091219e+02
1.541818181818181870e+02 3.220909090909091219e+02
1.814545454545454390e+02 3.220909090909091219e+02
2.087272727272727479e+02 3.220909090909091219e+02
2.360000000000000000e+02 3.220909090909091219e+02
2.632727272727272521e+02 3.220909090909091219e+02
2.905454545454545041e+02 3.220909090909091219e+02
3.178181818181818130e+02 3.220909090909091219e+02
3.450909090909091219e+02 3.220909090909091219e+02
3.723636363636363740e+02 3.220909090909091219e+02
3.996363636363636260e+02 3.220909090909091219e+02
4.269090909090908781e+02 3.220909090909091219e+02
4.541818181818181870e+02 3.220909090909091219e+02
4.814545454545454390e+02 3.220909090909091219e+02
5.087272727272727479e+02 3.220909090909091219e+02
5.360000000000000000e+02 3.220909090909091219e+02
5.632727272727272521e+02 3.220909090909091219e+02
5.905454545454545041e+02 3.220909090909091219e+02
6.178181818181818699e+02 3.220909090909091219e+02
6.450909090909091219e+02 3.220909090909091219e+02
6.723636363636363740e+02 3.220909090909091219e+02
6.996363636363636260e+02 3.220909090909091219e+02
7.269090909090908781e+02 3.220909090909091219e+02
7.541818181818181301e+02 3.220909090909091219e+02
7.814545454545454959e+02 3.220909090909091219e+02
8.087272727272727479e+02 3.220909090909091219e+02
8.360000000000000000e+02 3.220909090909091219e+02
1.269090909090909065e+02 3.493636363636363740e+02
1.541818181818181870e+02 3.493636363636363740e+02
1.814545454545454390e+02 3.493636363636363740e+02
2.087272727272727479e+02 3.493636363636363740e+02
2.360000000000000000e+02 3.493636363636363740e+02
2.632727272727272521e+02 3.493636363636363740e+02
2.905454545454545041e+02 3.493636363636363740e+02
3.178181818181818130e+02 3.493636363636363740e+02
3.450909090909091219e+02 3.493636363636363740e+02
3.723636363636363740e+02 3.493636363636363740e+02
3.996363636363636260e+02 3.493636363636363740e+02
4.269090909090908781e+02 3.493636363636363740e+02
4.541818181818181870e+02 3.493636363636363740e+02
4.814545454545454390e+02 3.493636363636363740e+02
5.087272727272727479e+02 3.493636363636363740e+02
5.360000000000000000e+02 3.493636363636363740e+02
5.632727272727272521e+02 3.493636363636363740e+02
5.905454545454545041e+02 3.493636363636363740e+02
6.178181818181818699e+02 3.493636363636363740e+02
6.450909090909091219e+02 3.493636363636363740e+02
6.723636363636363740e+02 3.493636363636363740e+02
6.996363636363636260e+02 3.493636363636363740e+02
7.269090909090908781e+02 3.493636363636363740e+02
7.541818181818181301e+02 3.493636363636363740e+02
7.814545454545454959e+02 3.493636363636363740e+02
8.087272727272727479e+02 3.493636363636363740e+02
8.360000000000000000e+02 3.493636363636363740e+02
1.269090909090909065e+02 3.766363636363636260e+02
1.541818181818181870e+02 3.766363636363636260e+02
1.814545454545454390e+02 3.766363636363636260e+02
2.087272727272727479e+02 3.766363636363636260e+02
2.360000000000000000e+02 3.766363636363636260e+02
2.632727272727272521e+02 3.766363636363636260e+02
2.905454545454545041e+02 3.766363636363636260e+02
3.178181818181818130e+02 3.766363636363636260e+02
3.450909090909091219e+02 3.766363636363636260e+02
3.723636363636363740e+02 3.766363636363636260e+02
3.996363636363636260e+02 3.766363636363636260e+02
4.269090909090908781e+02 3.766363636363636260e+02
4.541818181818181870e+02 3.766363636363636260e+02
4.814545454545454390e+02 3.766363636363636260e+02
5.087272727272727479e+02 3.766363636363636260e+02
5.360000000000000000e+02 3.766363636363636260e+02
5.632727272727272521e+02 3.766363636363636260e+02
5.905454545454545041e+02 3.766363636363636260e+02
6.178181818181818699e+02 3.766363636363636260e+02
6.450909090909091219e+02 3.766363636363636260e+02
6.723636363636363740e+02 3.766363636363636260e+02
6.996363636363636260e+02 3.766363636363636260e+02
7.269090909090908781e+02 3.766363636363636260e+02
7.541818181818181301e+02 3.766363636363636260e+02
7.814545454545454959e+02 3.766363636363636260e+02
8.087272727272727479e+02 3.766363636363636260e+02
8.360000000000000000e+02 3.766363636363636260e+02
1.269090909090909065e+02 4.039090909090908781e+02
1.541818181818181870e+02 4.039090909090908781e+02
1.814545454545454390e+02 4.039090909090908781e+02
2.087272727272727479e+02 4.039090909090908781e+02
2.360000000000000000e+02 4.039090909090908781e+02
2.632727272727272521e+02 4.039090909090908781e+02
2.905454545454545041e+02 4.039090909090908781e+02
3.178181818181818130e+02 4.039090909090908781e+02
3.450909090909091219e+02 4.039090909090908781e+02
3.723636363636363740e+02 4.039090909090908781e+02
3.996363636363636260e+02 4.039090909090908781e+02
4.269090909090908781e+02 4.039090909090908781e+02
4.541818181818181870e+02 4.039090909090908781e+02
4.814545454545454390e+02 4.039090909090908781e+02
5.087272727272727479e+02 4.039090909090908781e+02
5.360000000000000000e+02 4.039090909090908781e+02
5.632727272727272521e+02 4.039090909090908781e+02
5.905454545454545041e+02 4.039090909090908781e+02
6.178181818181818699e+02 4.039090909090908781e+02
6.450909090909091219e+02 4.039090909090908781e+02
6.723636363636363740e+02 4.039090909090908781e+02
6.996363636363636260e+02 4.039090909090908781e+02
7.269090909090908781e+02 4.039090909090908781e+02
7.541818181818181301e+02 4.039090909090908781e+02
7.814545454545454959e+02 4.039090909090908781e+02
8.087272727272727479e+02 4.039090909090908781e+02
8.360000000000000000e+02 4.039090909090908781e+02
9.963636363636364024e+01 4.311818181818181870e+02
1.269090909090909065e+02 4.311818181818181870e+02
1.541818181818181870e+02 4.311818181818181870e+02
1.814545454545454390e+02 4.311818181818181870e+02
2.087272727272727479e+02 4.311818181818181870e+02
2.360000000000000000e+02 4.311818181818181870e+02
2.632727272727272521e+02 4.311818181818181870e+02
2.905454545454545041e+02 4.311818181818181870e+02
3.178181818181818130e+02 4.311818181818181870e+02
3.450909090909091219e+02 4.311818181818181870e+02
3.723636363636363740e+02 4.311818181818181870e+02
3.996363636363636260e+02 4.311818181818181870e+02
4.269090909090908781e+02 4.311818181818181870e+02
4.541818181818181870e+02 4.311818181818181870e+02
4.814545454545454390e+02 4.311818181818181870e+02
5.087272727272727479e+02 4.311818181818181870e+02
5.360000000000000000e+02 4.311818181818181870e+02
5.632727272727272521e+02 4.311818181818181870e+02
5.905454545454545041e+02 4.311818181818181870e+02
6.178181818181818699e+02 4.311818181818181870e+02
6.450909090909091219e+02 4.311818181818181870e+02
6.723636363636363740e+02 4.311818181818181870e+02
6.996363636363636260e+02 4.311818181818181870e+02
7.269090909090908781e+02 4.311818181818181870e+02
7.541818181818181301e+02 4.311818181818181870e+02
7.814545454545454959e+02 4.311818181818181870e+02
8.087272727272727479e+02 4.311818181818181870e+02
8.360000000000000000e+02 4.311818181818181870e+02
8.632727272727272521e+02 4.311818181818181870e+02
9.963636363636364024e+01 4.584545454545454390e+02
1.269090909090909065e+02 4.584545454545454390e+02
1.541818181818181870e+02 4.584545454545454390e+02
1.814545454545454390e+02 4.584545454545454390e+02
2.087272727272727479e+02 4.584545454545454390e+02
2.360000000000000000e+02 4.584545454545454390e+02
2.632727272727272521e+02 4.584545454545454390e+02
2.905454545454545041e+02 4.584545454545454390e+02
3.178181818181818130e+02 4.584545454545454390e+02
3.450909090909091219e+02 4.584545454545454390e+02
3.723636363636363740e+02 4.584545454545454390e+02
3.996363636363636260e+02 4.584545454545454390e+02
4.269090909090908781e+02 4.584545454545454390e+02
4.541818181818181870e+02 4.584545454545454390e+02
4.814545454545454390e+02 4.584545454545454390e+02
5.087272727272727479e+02 4.584545454545454390e+02
5.360000000000000000e+02 4.584545454545454390e+02
5.632727272727272521e+02 4.584545454545454390e+02
5.905454545454545041e+02 4.584545454545454390e+02
6.178181818181818699e+02 4.584545454545454390e+02
6.450909090909091219e+02 4.584545454545454390e+02
6.723636363636363740e+02 4.584545454545454390e+02
6.996363636363636260e+02 4.584545454545454390e+02
7.269090909090908781e+02 4.584545454545454390e+02
7.541818181818181301e+02 4.584545454545454390e+02
7.814545454545454959e+02 4.584545454545454390e+02
8.087272727272727479e+02 4.584545454545454390e+02
8.360000000000000000e+02 4.584545454545454390e+02
8.632727272727272521e+02 4.584545454545454390e+02
9.963636363636364024e+01 4.857272727272727479e+02
1.269090909090909065e+02 4.857272727272727479e+02
1.541818181818181870e+02 4.857272727272727479e+02
1.814545454545454390e+02 4.857272727272727479e+02
2.087272727272727479e+02 4.857272727272727479e+02
2.360000000000000000e+02 4.857272727272727479e+02
2.632727272727272521e+02 4.857272727272727479e+02
2.905454545454545041e+02 4.857272727272727479e+02
3.178181818181818130e+02 4.857272727272727479e+02
3.450909090909091219e+02 4.857272727272727479e+02
3.723636363636363740e+02 4.857272727272727479e+02
3.996363636363636260e+02 4.857272727272727479e+02
4.269090909090908781e+02 4.857272727272727479e+02
4.541818181818181870e+02 4.857272727272727479e+02
4.814545454545454390e+02 4.857272727272727479e+02
5.087272727272727479e+02 4.857272727272727479e+02
5.360000000000000000e+02 4.857272727272727479e+02
5.632727272727272521e+02 4.857272727272727479e+02
5.905454545454545041e+02 4.857272727272727479e+02
6.178181818181818699e+02 4.857272727272727479e+02
6.450909090909091219e+02 4.857272727272727479e+02
6.723636363636363740e+02 4.857272727272727479e+02
6.996363636363636260e+02 4.857272727272727479e+02
7.269090909090908781e+02 4.857272727272727479e+02
7.541818181818181301e+02 4.857272727272727479e+02
7.814545454545454959e+02 4.857272727272727479e+02
8.087272727272727479e+02 4.857272727272727479e+02
8.360000000000000000e+02 4.857272727272727479e+02
8.632727272727272521e+02 4.857272727272727479e+02
1.269090909090909065e+02 5.130000000000000000e+02
1.541818181818181870e+02 5.130000000000000000e+02
1.814545454545454390e+02 5.130000000000000000e+02
2.087272727272727479e+02 5.130000000000000000e+02
2.360000000000000000e+02 5.130000000000000000e+02
2.632727272727272521e+02 5.130000000000000000e+02
2.905454545454545041e+02 5.130000000000000000e+02
3.178181818181818130e+02 5.130000000000000000e+02
3.450909090909091219e+02 5.130000000000000000e+02
3.723636363636363740e+02 5.130000000000000000e+02
3.996363636363636260e+02 5.130000000000000000e+02
4.269090909090908781e+02 5.130000000000000000e+02
4.541818181818181870e+02 5.130000000000000000e+02
4.814545454545454390e+02 5.130000000000000000e+02
5.087272727272727479e+02 5.130000000000000000e+02
5.360000000000000000e+02 5.130000000000000000e+02
5.632727272727272521e+02 5.130000000000000000e+02
5.905454545454545041e+02 5.130000000000000000e+02
6.178181818181818699e+02 5.130000000000000000e+02
6.450909090909091219e+02 5.130000000000000000e+02
6.723636363636363740e+02 5.130000000000000000e+02
6.996363636363636260e+02 5.130000000000000000e+02
7.269090909090908781e+02 5.130000000000000000e+02
7.541818181818181301e+02 5.130000000000000000e+02
7.814545454545454959e+02 5.130000000000000000e+02
8.087272727272727479e+02 5.130000000000000000e+02
8.360000000000000000e+02 5.130000000000000000e+02
1.269090909090909065e+02 5.402727272727272521e+02
1.541818181818181870e+02 5.402727272727272521e+02
1.814545454545454390e+02 5.402727272727272521e+02
2.087272727272727479e+02 5.402727272727272521e+02
2.360000000000000000e+02 5.402727272727272521e+02
2.632727272727272521e+02 5.402727272727272521e+02
2.905454545454545041e+02 5.402727272727272521e+02
3.178181818181818130e+02 5.402727272727272521e+02
3.450909090909091219e+02 5.402727272727272521e+02
3.723636363636363740e+02 5.402727272727272521e+02
3.996363636363636260e+02 5.402727272727272521e+02
4.269090909090908781e+02 5.402727272727272521e+02
4.541818181818181870e+02 5.402727272727272521e+02
4.814545454545454390e+02 5.402727272727272521e+02
5.087272727272727479e+02 5.402727272727272521e+02
5.360000000000000000e+02 5.402727272727272521e+02
5.632727272727272521e+02 5.402727272727272521e+02
5.905454545454545041e+02 5.402727272727272521e+02
6.178181818181818699e+02 5.402727272727272521e+02
6.450909090909091219e+02 5.402727272727272521e+02
6.723636363636363740e+02 5.402727272727272521e+02
6.996363636363636260e+02 5.402727272727272521e+02
7.269090909090908781e+02 5.402727272727272521e+02
7.541818181818181301e+02 5.402727272727272521e+02
7.814545454545454959e+02 5.402727272727272521e+02
8.087272727272727479e+02 5.402727272727272521e+02
8.360000000000000000e+02 5.402727272727272521e+02
1.269090909090909065e+02 5.675454545454545041e+02
1.541818181818181870e+02 5.675454545454545041e+02
1.814545454545454390e+02 5.675454545454545041e+02
2.087272727272727479e+02 5.675454545454545041e+02
2.360000000000000000e+02 5.675454545454545041e+02
2.632727272727272521e+02 5.675454545454545041e+02
2.905454545454545041e+02 5.675454545454545041e+02
3.178181818181818130e+02 5.675454545454545041e+02
3.450909090909091219e+02 5.675454545454545041e+02
3.723636363636363740e+02 5.675454545454545041e+02
3.996363636363636260e+02 5.675454545454545041e+02
4.269090909090908781e+02 5.675454545454545041e+02
4.541818181818181870e+02 5.675454545454545041e+02
4.814545454545454390e+02 5.675454545454545041e+02
5.087272727272727479e+02 5.675454545454545041e+02
5.360000000000000000e+02 5.675454545454545041e+02
5.632727272727272521e+02 5.675454545454545041e+02
5.905454545454545041e+02 5.675454545454545041e+02
6.178181818181818699e+02 5.675454545454545041e+02
6.450909090909091219e+02 5.675454545454545041e+02
6.723636363636363740e+02 5.675454545454545041e+02
6.996363636363636260e+02 5.675454545454545041e+02
7.269090909090908781e+02 5.675454545454545041e+02
7.541818181818181301e+02 5.675454545454545041e+02
7.814545454545454959e+02 5.675454545454545041e+02
8.087272727272727479e+02 5.675454545454545041e+02
8.360000000000000000e+02 5.675454545454545041e+02
1.269090909090909065e+02 5.948181818181818699e+02
1.541818181818181870e+02 5.948181818181818699e+02
1.814545454545454390e+02 5.948181818181818699e+02
2.087272727272727479e+02 5.948181818181818699e+02
2.360000000000000000e+02 5.948181818181818699e+02
2.632727272727272521e+02 5.948181818181818699e+02
2.905454545454545041e+02 5.948181818181818699e+02
3.178181818181818130e+02 5.948181818181818699e+02
3.450909090909091219e+02 5.948181818181818699e+02
3.723636363636363740e+02 5.948181818181818699e+02
3.996363636363636260e+02 5.948181818181818699e+02
4.269090909090908781e+02 5.948181818181818699e+02
4.541818181818181870e+02 5.948181818181818699e+02
4.814545454545454390e+02 5.948181818181818699e+02
5.087272727272727479e+02 5.948181818181818699e+02
5.360000000000000000e+02 5.948181818181818699e+02
5.632727272727272521e+02 5.948181818181818699e+02
5.905454545454545041e+02 5.948181818181818699e+02
6.178181818181818699e+02 5.948181818181818699e+02
6.450909090909091219e+02 5.948181818181818699e+02
6.723636363636363740e+02 5.948181818181818699e+02
6.996363636363636260e+02 5.948181818181818699e+02
7.269090909090908781e+02 5.948181818181818699e+02
7.541818181818181301e+02 5.948181818181818699e+02
7.814545454545454959e+02 5.948181818181818699e+02
8.087272727272727479e+02 5.948181818181818699e+02
8.360000000000000000e+02 5.948181818181818699e+02
1.541818181818181870e+02 6.220909090909091219e+02
1.814545454545454390e+02 6.220909090909091219e+02
2.087272727272727479e+02 6.220909090909091219e+02
2.360000000000000000e+02 6.220909090909091219e+02
2.632727272727272521e+02 6.220909090909091219e+02
2.905454545454545041e+02 6.220909090909091219e+02
3.178181818181818130e+02 6.220909090909091219e+02
3.450909090909091219e+02 6.220909090909091219e+02
3.723636363636363740e+02 6.220909090909091219e+02
3.996363636363636260e+02 6.220909090909091219e+02
4.269090909090908781e+02 6.220909090909091219e+02
4.541818181818181870e+02 6.220909090909091219e+02
4.814545454545454390e+02 6.220909090909091219e+02
5.087272727272727479e+02 6.220909090909091219e+02
5.360000000000000000e+02 6.220909090909091219e+02
5.632727272727272521e+02 6.220909090909091219e+02
5.905454545454545041e+02 6.220909090909091219e+02
6.178181818181818699e+02 6.220909090909091219e+02
6.450909090909091219e+02 6.220909090909091219e+02
6.723636363636363740e+02 6.220909090909091219e+02
6.996363636363636260e+02 6.220909090909091219e+02
7.269090909090908781e+02 6.220909090909091219e+02
7.541818181818181301e+02 6.220909090909091219e+02
7.814545454545454959e+02 6.220909090909091219e+02
8.087272727272727479e+02 6.220909090909091219e+02
1.541818181818181870e+02 6.493636363636363740e+02
1.814545454545454390e+02 6.493636363636363740e+02
2.087272727272727479e+02 6.493636363636363740e+02
2.360000000000000000e+02 6.493636363636363740e+02
2.632727272727272521e+02 6.493636363636363740e+02
2.905454545454545041e+02 6.493636363636363740e+02
3.178181818181818130e+02 6.493636363636363740e+02
3.450909090909091219e+02 6.493636363636363740e+02
3.723636363636363740e+02 6.493636363636363740e+02
3.996363636363636260e+02 6.493636363636363740e+02
4.269090909090908781e+02 6.493636363636363740e+02
4.541818181818181870e+02 6.493636363636363740e+02
4.814545454545454390e+02 6.493636363636363740e+02
5.087272727272727479e+02 6.493636363636363740e+02
5.360000000000000000e+02 6.493636363636363740e+02
5.632727272727272521e+02 6.493636363636363740e+02
5.905454545454545041e+02 6.493636363636363740e+02
6.178181818181818699e+02 6.493636363636363740e+02
6.450909090909091219e+02 6.493636363636363740e+02
6.723636363636363740e+02 6.493636363636363740e+02
6.996363636363636260e+02 6.493636363636363740e+02
7.269090909090908781e+02 6.493636363636363740e+02
7.541818181818181301e+02 6.493636363636363740e+02
7.814545454545454959e+02 6.493636363636363740e+02
8.087272727272727479e+02 6.493636363636363740e+02
1.814545454545454390e+02 6.766363636363636260e+02
2.087272727272727479e+02 6.766363636363636260e+02
2.360000000000000000e+02 6.766363636363636260e+02
2.632727272727272521e+02 6.766363636363636260e+02
2.905454545454545041e+02 6.766363636363636260e+02
3.178181818181818130e+02 6.766363636363636260e+02
3.450909090909091219e+02 6.766363636363636260e+02
3.723636363636363740e+02 6.766363636363636260e+02
3.996363636363636260e+02 6.766363636363636260e+02
4.269090909090908781e+02 6.766363636363636260e+02
4.541818181818181870e+02 6.766363636363636260e+02
4.814545454545454390e+02 6.766363636363636260e+02
5.087272727272727479e+02 6.766363636363636260e+02
5.360000000000000000e+02 6.766363636363636260e+02
5.632727272727272521e+02 6.766363636363636260e+02
5.905454545454545041e+02 6.766363636363636260e+02
6.178181818181818699e+02 6.766363636363636260e+02
6.450909090909091219e+02 6.766363636363636260e+02
6.723636363636363740e+02 6.766363636363636260e+02
6.996363636363636260e+02 6.766363636363636260e+02
7.269090909090908781e+02 6.766363636363636260e+02
7.541818181818181301e+02 6.766363636363636260e+02
7.814545454545454959e+02 6.766363636363636260e+02
2.087272727272727479e+02 7.039090909090908781e+02
2.360000000000000000e+02 7.039090909090908781e+02
2.632727272727272521e+02 7.039090909090908781e+02
2.905454545454545041e+02 7.039090909090908781e+02
3.178181818181818130e+02 7.039090909090908781e+02
3.450909090909091219e+02 7.039090909090908781e+02
3.723636363636363740e+02 7.039090909090908781e+02
3.996363636363636260e+02 7.039090909090908781e+02
4.269090909090908781e+02 7.039090909090908781e+02
4.541818181818181870e+02 7.039090909090908781e+02
4.814545454545454390e+02 7.039090909090908781e+02
5.087272727272727479e+02 7.039090909090908781e+02
5.360000000000000000e+02 7.039090909090908781e+02
5.632727272727272521e+02 7.039090909090908781e+02
5.905454545454545041e+02 7.039090909090908781e+02
6.178181818181818699e+02 7.039090909090908781e+02
6.450909090909091219e+02 7.039090909090908781e+02
6.723636363636363740e+02 7.039090909090908781e+02
6.996363636363636260e+02 7.039090909090908781e+02
7.269090909090908781e+02 7.039090909090908781e+02
7.541818181818181301e+02 7.039090909090908781e+02
2.360000000000000000e+02 7.311818181818181301e+02
2.632727272727272521e+02 7.311818181818181301e+02
2.905454545454545041e+02 7.311818181818181301e+02
3.178181818181818130e+02 7.311818181818181301e+02
3.450909090909091219e+02 7.311818181818181301e+02
3.723636363636363740e+02 7.311818181818181301e+02
3.996363636363636260e+02 7.311818181818181301e+02
4.269090909090908781e+02 7.311818181818181301e+02
4.541818181818181870e+02 7.311818181818181301e+02
4.814545454545454390e+02 7.311818181818181301e+02
5.087272727272727479e+02 7.311818181818181301e+02
5.360000000000000000e+02 7.311818181818181301e+02
5.632727272727272521e+02 7.311818181818181301e+02
5.905454545454545041e+02 7.311818181818181301e+02
6.178181818181818699e+02 7.311818181818181301e+02
6.450909090909091219e+02 7.311818181818181301e+02
6.723636363636363740e+02 7.311818181818181301e+02
6.996363636363636260e+02 7.311818181818181301e+02
7.269090909090908781e+02 7.311818181818181301e+02
2.632727272727272521e+02 7.584545454545454959e+02
2.905454545454545041e+02 7.584545454545454959e+02
3.178181818181818130e+02 7.584545454545454959e+02
3.450909090909091219e+02 7.584545454545454959e+02
3.723636363636363740e+02 7.584545454545454959e+02
3.996363636363636260e+02 7.584545454545454959e+02
4.269090909090908781e+02 7.584545454545454959e+02
4.541818181818181870e+02 7.584545454545454959e+02
4.814545454545454390e+02 7.584545454545454959e+02
5.087272727272727479e+02 7.584545454545454959e+02
5.360000000000000000e+02 7.584545454545454959e+02
5.632727272727272521e+02 7.584545454545454959e+02
5.905454545454545041e+02 7.584545454545454959e+02
6.178181818181818699e+02 7.584545454545454959e+02
6.450909090909091219e+02 7.584545454545454959e+02
6.723636363636363740e+02 7.584545454545454959e+02
6.996363636363636260e+02 7.584545454545454959e+02
2.905454545454545041e+02 7.857272727272727479e+02
3.178181818181818130e+02 7.857272727272727479e+02
3.450909090909091219e+02 7.857272727272727479e+02
3.723636363636363740e+02 7.857272727272727479e+02
3.996363636363636260e+02 7.857272727272727479e+02
4.269090909090908781e+02 7.857272727272727479e+02
4.541818181818181870e+02 7.857272727272727479e+02
4.814545454545454390e+02 7.857272727272727479e+02
5.087272727272727479e+02 7.857272727272727479e+02
5.360000000000000000e+02 7.857272727272727479e+02
5.632727272727272521e+02 7.857272727272727479e+02
5.905454545454545041e+02 7.857272727272727479e+02
6.178181818181818699e+02 7.857272727272727479e+02
6.450909090909091219e+02 7.857272727272727479e+02
6.723636363636363740e+02 7.857272727272727479e+02
3.450909090909091219e+02 8.130000000000000000e+02
3.723636363636363740e+02 8.130000000000000000e+02
3.996363636363636260e+02 8.130000000000000000e+02
4.269090909090908781e+02 8.130000000000000000e+02
4.541818181818181870e+02 8.130000000000000000e+02
4.814545454545454390e+02 8.130000000000000000e+02
5.087272727272727479e+02 8.130000000000000000e+02
5.360000000000000000e+02 8.130000000000000000e+02
5.632727272727272521e+02 8.130000000000000000e+02
5.905454545454545041e+02 8.130000000000000000e+02
6.178181818181818699e+02 8.130000000000000000e+02
4.541818181818181870e+02 8.402727272727272521e+02
4.814545454545454390e+02 8.402727272727272521e+02
5.087272727272727479e+02 8.402727272727272521e+02
