495.50 38.36
540.78 38.11
359.80 83.89
405.12 84.03
450.38 83.77
495.51 84.22
541.02 84.08
586.36 84.05
632.17 84.56
678.02 84.78
268.69 129.57
313.97 129.68
359.51 129.51
404.88 129.46
450.13 129.44
495.40 129.76
541.21 130.04
586.39 130.00
632.19 129.72
678.42 130.16
723.42 130.70
768.19 130.33
223.28 174.74
268.66 174.66
313.97 174.48
359.30 174.49
404.76 175.08
450.19 175.13
495.76 175.15
540.82 175.10
586.26 175.15
632.30 175.54
678.43 175.03
723.15 174.79
768.05 175.06
813.37 175.32
177.69 219.54
223.08 219.74
268.73 220.11
313.78 219.87
359.32 220.01
404.83 220.22
450.22 219.96
495.50 220.10
540.77 220.36
586.36 220.38
632.21 220.37
677.85 220.08
723.25 219.81
768.40 219.98
813.45 220.32
858.57 220.90
177.97 265.91
223.24 265.71
268.13 265.81
313.44 265.14
359.41 265.39
404.85 265.52
450.54 265.64
495.39 265.60
540.75 265.61
586.42 265.64
632.31 265.50
677.50 265.55
723.43 266.16
768.80 266.11
813.63 266.37
858.55 266.64
131.98 311.63
178.09 311.99
222.97 311.72
267.67 311.41
313.56 311.37
359.40 310.75
404.68 310.89
450.13 310.50
495.48 311.10
540.56 311.31
586.16 311.00
632.23 310.93
677.71 311.39
723.33 311.99
768.82 311.63
814.08 312.06
858.68 312.01
904.69 312.57
132.08 356.55
178.00 356.93
222.88 356.85
267.57 356.92
313.17 356.23
358.98 356.47
404.59 356.03
450.48 356.43
495.60 356.54
540.49 356.51
585.79 356.62
632.44 356.58
678.24 357.06
723.34 357.05
768.53 357.13
813.87 357.25
859.18 357.55
905.00 357.49
131.46 402.14
177.86 401.88
223.00 401.89
267.51 402.43
313.00 402.12
358.93 401.84
404.44 402.07
450.44 402.13
495.70 402.20
540.50 402.53
585.73 402.72
632.45 403.03
678.23 402.53
723.26 402.41
768.93 402.66
813.67 402.76
859.26 402.55
905.12 402.11
83.41 447.39
131.31 446.72
177.86 446.92
223.08 447.34
267.30 447.44
312.93 446.99
358.73 447.57
404.63 447.01
450.54 447.18
496.10 447.86
540.84 447.77
585.97 447.83
632.23 447.81
677.91 448.02
723.21 447.98
768.87 447.92
813.67 447.88
859.12 447.88
905.01 447.48
952.18 447.65
82.97 493.25
130.91 493.17
177.48 492.60
222.77 492.24
267.70 492.88
312.88 493.17
358.35 493.31
404.27 492.98
451.04 492.85
496.25 493.19
540.81 493.37
586.00 493.50
631.85 493.14
678.07 492.98
723.29 493.52
768.38 492.79
813.64 493.02
858.94 493.33
905.37 493.28
952.36 493.69
130.28 538.03
177.19 538.03
222.89 537.62
268.48 538.40
313.21 538.54
357.89 538.50
403.76 538.27
450.90 537.69
496.20 538.60
540.63 538.99
585.64 538.35
631.87 537.93
677.59 538.41
722.87 538.54
768.06 538.28
813.47 538.57
858.90 538.56
905.41 538.17
129.83 584.84
176.94 584.10
222.81 583.55
268.87 583.38
313.37 583.55
357.98 583.70
403.42 584.35
450.76 583.97
496.06 583.17
540.55 582.80
585.87 583.64
632.12 583.98
677.82 584.03
722.79 583.92
767.99 583.94
813.45 584.22
859.01 584.28
905.49 584.82
129.16 630.10
176.26 629.64
222.52 628.90
268.53 628.48
313.53 628.69
358.61 629.35
403.83 630.47
449.47 629.79
494.84 628.22
541.03 627.86
586.66 628.93
632.39 629.57
678.09 629.79
723.05 629.46
768.15 629.77
813.74 630.04
859.26 629.98
905.57 629.85
175.37 674.70
222.09 673.95
268.19 674.18
313.42 673.93
359.32 674.03
404.21 675.02
448.55 674.61
494.10 675.02
541.51 675.00
587.17 675.19
632.29 674.91
677.55 675.02
722.80 674.65
768.38 674.64
814.03 674.67
859.40 675.25
174.62 719.94
221.59 719.65
268.58 719.45
313.89 719.81
359.05 719.87
403.97 719.99
448.92 720.23
495.04 721.10
540.93 721.15
586.95 720.87
631.87 720.63
677.25 720.30
722.24 720.13
768.00 719.68
814.02 719.53
860.47 720.61
221.18 765.60
268.71 765.45
313.98 765.18
359.05 764.93
404.25 765.05
449.26 765.36
495.39 765.47
540.56 766.01
586.62 766.05
631.66 765.65
676.61 765.22
722.12 765.37
767.58 765.62
814.22 765.80
267.76 811.55
313.31 810.48
358.68 810.30
404.12 810.50
449.34 810.20
495.31 810.22
541.02 810.35
586.18 810.96
631.49 810.68
676.60 810.35
722.53 811.01
768.34 811.79
358.30 856.93
403.61 856.66
449.23 856.62
495.08 856.13
541.11 856.38
586.09 856.60
631.32 856.74
676.43 856.95
495.07 903.44
540.82 902.94
