416.73 61.96
444.00 61.88
471.10 61.86
498.25 61.93
525.79 61.98
552.94 61.96
580.01 61.98
607.26 61.93
334.78 89.18
362.06 89.18
389.09 89.27
416.75 89.30
443.96 89.38
471.02 89.40
498.19 89.40
525.82 89.39
552.98 89.42
580.04 89.37
607.27 89.33
634.87 89.25
661.90 89.11
689.18 89.17
280.17 116.71
307.22 116.87
334.87 116.96
362.01 117.03
389.06 116.91
416.80 116.92
443.95 116.83
471.08 116.86
498.17 116.85
525.85 116.85
552.92 116.82
580.07 116.83
607.25 116.94
634.90 116.91
661.96 117.01
689.17 116.92
716.81 116.83
743.84 116.73
252.85 143.95
280.06 144.04
307.35 143.98
334.87 144.01
361.98 143.91
389.15 143.94
416.78 143.94
443.94 143.94
471.06 143.90
498.23 143.90
525.86 143.91
552.94 143.93
580.03 143.96
607.21 143.89
634.79 143.96
661.95 143.90
689.15 143.99
716.68 143.98
743.98 144.04
771.16 143.98
198.29 170.92
225.83 171.10
252.92 171.10
280.18 171.03
307.28 170.97
334.93 171.00
362.03 171.02
389.17 171.03
416.86 171.01
443.92 171.00
471.07 171.04
498.16 171.02
525.82 171.09
552.96 171.08
580.09 171.07
607.17 171.02
634.83 171.04
661.96 171.03
689.06 171.01
716.74 171.02
743.85 171.08
771.12 171.09
798.20 171.09
825.68 170.93
170.94 198.30
198.27 198.28
225.80 198.19
252.99 198.23
280.18 198.14
307.34 198.20
334.91 198.17
362.04 198.19
389.12 198.22
416.78 198.16
443.93 198.17
471.03 198.20
498.20 198.22
525.83 198.16
552.99 198.16
580.08 198.19
607.18 198.16
634.86 198.21
661.95 198.18
689.06 198.20
716.70 198.18
743.89 198.16
771.07 198.27
798.17 198.25
825.74 198.32
853.07 198.31
171.08 225.83
198.22 225.81
225.81 225.84
253.07 225.86
280.15 225.82
307.28 225.83
334.85 225.84
361.99 225.82
389.10 225.81
416.78 225.85
443.92 225.84
471.05 225.82
498.21 225.77
525.86 225.78
552.97 225.81
580.06 225.82
607.25 225.85
634.85 225.83
662.01 225.85
689.08 225.89
716.75 225.89
743.90 225.85
770.97 225.84
798.18 225.79
825.78 225.82
852.91 225.83
143.97 252.88
171.12 252.95
198.21 253.01
225.83 253.06
252.98 252.97
280.13 253.00
307.21 252.97
334.86 252.96
361.96 252.98
389.06 252.95
416.77 252.94
443.90 252.93
471.05 252.92
498.20 252.93
525.87 252.92
552.96 252.91
580.09 252.94
607.24 252.91
634.90 252.93
662.01 252.97
689.10 252.94
716.81 252.99
743.87 252.98
771.03 252.98
798.16 253.01
825.77 252.95
852.87 252.89
880.01 252.83
116.75 280.19
144.03 280.05
171.03 280.24
198.11 280.22
225.83 280.12
252.98 280.15
280.10 280.10
307.27 280.08
334.85 280.08
361.92 280.10
389.08 280.06
416.76 280.08
443.90 280.03
471.03 280.11
498.21 280.11
525.85 280.08
552.96 280.07
580.11 280.03
607.28 280.07
634.91 280.09
661.96 280.06
689.15 280.06
716.80 280.06
743.90 280.09
771.04 280.13
798.14 280.10
825.84 280.14
852.93 280.18
879.92 280.02
907.31 280.16
116.84 307.20
144.00 307.32
170.98 307.31
198.19 307.30
225.88 307.27
253.00 307.19
280.08 307.24
307.23 307.26
334.86 307.19
361.98 307.24
389.11 307.23
416.75 307.23
443.87 307.25
471.02 307.24
498.19 307.19
525.85 307.20
552.97 307.22
580.10 307.25
607.26 307.23
634.89 307.21
662.01 307.22
689.11 307.19
716.79 307.18
743.97 307.22
771.04 307.26
798.12 307.27
825.78 307.29
852.98 307.28
879.99 307.34
907.19 307.17
89.20 334.77
116.97 334.89
143.96 334.87
170.99 334.91
198.15 334.87
225.84 334.90
252.95 334.85
280.11 334.82
307.23 334.87
334.82 334.87
361.98 334.88
389.13 334.87
416.77 334.88
443.88 334.90
471.05 334.88
498.18 334.86
525.81 334.88
552.95 334.86
580.08 334.87
607.21 334.85
634.90 334.86
661.99 334.85
689.11 334.88
716.84 334.86
743.97 334.86
771.05 334.88
798.11 334.90
825.82 334.91
853.04 334.93
880.02 334.86
907.10 334.85
934.85 334.78
89.13 362.07
117.02 362.00
143.91 362.00
171.03 362.03
198.18 362.06
225.84 361.96
252.96 361.94
280.10 361.94
307.25 361.98
334.87 361.95
362.01 361.99
389.16 362.00
416.77 361.96
443.90 361.99
471.04 361.99
498.17 361.99
525.83 362.03
552.94 361.99
580.11 361.99
607.27 361.98
634.87 361.97
662.02 361.97
689.17 361.99
716.80 361.99
743.92 362.01
771.04 362.05
798.17 362.02
825.82 362.07
852.95 362.05
880.09 362.03
906.96 362.09
934.92 362.08
89.28 389.07
116.94 389.05
143.93 389.16
171.04 389.17
198.19 389.12
225.82 389.12
252.98 389.07
280.09 389.06
307.27 389.12
334.90 389.11
362.00 389.13
389.09 389.10
416.79 389.13
443.92 389.14
471.00 389.15
498.17 389.15
525.84 389.10
552.95 389.14
580.06 389.13
607.28 389.13
634.91 389.12
662.05 389.11
689.14 389.13
716.82 389.14
743.95 389.10
771.06 389.12
798.19 389.15
825.77 389.17
852.96 389.16
880.06 389.20
907.10 389.12
934.73 389.12
61.94 416.73
89.32 416.72
116.91 416.78
143.92 416.81
171.00 416.80
198.18 416.75
225.83 416.79
252.91 416.80
280.11 416.77
307.25 416.75
334.88 416.78
361.97 416.73
389.11 416.77
416.83 416.80
443.93 416.81
471.04 416.82
498.16 416.80
525.83 416.76
552.94 416.74
580.11 416.77
607.23 416.77
634.90 416.78
662.04 416.78
689.20 416.79
716.80 416.73
743.91 416.77
771.06 416.74
798.18 416.74
825.82 416.82
852.93 416.82
880.05 416.78
907.07 416.78
934.66 416.77
962.04 416.79
61.90 443.97
89.36 443.96
116.85 443.91
143.95 443.94
171.01 443.86
198.19 443.92
225.81 443.90
252.89 443.87
280.10 443.90
307.30 443.91
334.86 443.90
361.95 443.91
389.16 443.90
416.79 443.95
443.91 443.94
471.01 443.92
498.19 443.96
525.81 443.91
552.98 443.92
580.03 443.91
607.27 443.89
634.91 443.94
662.00 443.93
689.15 443.89
716.81 443.93
743.95 443.89
771.07 443.88
798.23 443.91
825.83 443.89
852.93 443.91
880.02 443.94
907.16 443.93
934.62 443.94
962.02 443.98
61.83 471.10
89.41 471.01
116.84 471.06
143.88 471.04
171.04 471.08
198.17 471.04
225.81 471.06
252.94 471.04
280.09 471.02
307.28 471.02
334.91 471.02
362.00 471.05
389.11 471.04
416.79 471.01
443.91 471.03
471.04 471.02
498.18 471.05
525.80 471.03
552.93 471.04
580.08 471.05
607.23 471.02
634.89 471.03
662.02 471.04
689.14 471.02
716.81 471.00
743.91 471.02
771.10 471.03
798.22 471.02
825.88 471.02
852.91 471.05
880.08 471.05
907.21 471.09
934.58 470.99
962.07 471.09
61.91 498.22
89.38 498.18
116.85 498.16
143.90 498.18
171.05 498.18
198.21 498.21
225.80 498.15
252.94 498.19
280.07 498.17
307.26 498.21
334.90 498.18
362.01 498.15
389.17 498.18
416.80 498.17
443.92 498.19
471.01 498.17
498.20 498.21
525.83 498.16
552.98 498.18
580.07 498.20
607.25 498.17
634.87 498.19
661.98 498.19
689.13 498.18
716.82 498.11
743.91 498.14
771.08 498.12
798.21 498.15
825.82 498.17
852.94 498.15
880.07 498.19
907.17 498.15
934.65 498.13
962.06 498.16
61.95 525.79
89.37 525.83
116.84 525.85
143.88 525.82
171.07 525.83
198.19 525.82
225.75 525.84
252.92 525.89
280.10 525.86
307.23 525.83
334.85 525.83
362.02 525.83
389.14 525.84
416.79 525.84
443.93 525.83
471.03 525.81
498.20 525.83
525.83 525.84
553.02 525.83
580.06 525.85
607.22 525.80
634.87 525.85
661.98 525.82
689.10 525.81
716.77 525.82
743.91 525.79
771.09 525.79
798.20 525.82
825.82 525.79
852.98 525.82
880.10 525.79
907.15 525.85
934.61 525.84
962.13 525.79
61.93 552.93
89.43 553.01
116.83 552.94
143.93 552.96
171.10 552.97
198.16 552.99
225.78 552.97
252.91 552.98
280.06 552.96
307.24 552.94
334.91 552.96
361.97 552.96
389.12 552.98
416.77 552.93
443.93 552.97
471.05 552.94
498.17 552.99
525.86 552.97
552.93 552.98
580.06 552.97
607.21 552.96
634.86 552.98
661.98 552.97
689.13 552.97
716.77 553.00
743.93 552.99
771.07 552.93
798.20 552.97
825.83 552.97
852.95 552.91
880.10 552.93
907.20 552.95
934.63 552.98
962.14 552.93
61.96 579.98
89.40 580.04
116.80 580.05
143.97 580.06
171.08 580.06
198.20 580.11
225.84 580.07
252.92 580.10
280.05 580.09
307.23 580.10
334.87 580.06
361.96 580.08
389.13 580.09
416.78 580.08
443.91 580.07
471.06 580.08
498.19 580.12
525.81 580.11
552.97 580.11
580.05 580.07
607.20 580.11
634.85 580.05
662.05 580.09
689.14 580.12
716.75 580.11
743.93 580.07
771.05 580.10
798.15 580.10
825.83 580.07
852.98 580.09
880.08 580.09
907.16 580.06
934.65 580.03
962.09 580.04
61.95 607.19
89.32 607.27
116.93 607.23
143.93 607.22
171.05 607.18
198.20 607.22
225.84 607.21
252.94 607.25
280.05 607.27
307.25 607.27
334.84 607.20
361.97 607.23
389.12 607.25
416.79 607.22
443.92 607.21
471.06 607.19
498.18 607.22
525.82 607.19
552.99 607.18
580.09 607.18
607.24 607.24
634.90 607.20
661.99 607.25
689.13 607.25
716.79 607.22
743.94 607.25
771.04 607.22
798.18 607.27
825.83 607.24
852.98 607.18
880.10 607.20
907.09 607.23
934.64 607.28
962.04 607.29
89.27 634.84
116.95 634.89
143.95 634.81
171.04 634.83
198.22 634.84
225.82 634.88
252.93 634.91
280.11 634.90
307.20 634.86
334.87 634.89
362.00 634.86
389.13 634.87
416.78 634.89
443.94 634.90
471.07 634.91
498.20 634.84
525.85 634.85
552.99 634.86
580.10 634.84
607.20 634.89
634.88 634.88
661.99 634.89
689.14 634.89
716.78 634.91
743.93 634.92
771.04 634.92
798.22 634.90
825.79 634.87
852.94 634.86
880.07 634.80
907.08 634.93
934.70 634.93
89.06 661.89
117.01 661.94
143.92 661.97
171.04 661.96
198.19 661.95
225.87 662.00
252.98 662.02
280.06 661.99
307.24 661.99
334.83 662.00
362.00 662.01
389.13 662.04
416.80 662.04
443.91 662.01
471.03 662.03
498.19 661.98
525.81 661.97
552.94 661.98
580.07 662.00
607.25 662.00
634.90 661.99
661.99 662.01
689.13 662.03
716.79 662.05
743.90 662.05
771.01 662.06
798.19 662.04
825.84 661.97
852.95 662.00
880.11 662.03
906.96 662.00
934.87 661.97
89.18 689.23
116.93 689.12
143.99 689.13
171.02 689.07
198.20 689.07
225.90 689.12
252.90 689.09
280.08 689.16
307.18 689.13
334.90 689.13
362.00 689.16
389.11 689.16
416.79 689.18
443.89 689.11
471.06 689.12
498.17 689.16
525.82 689.12
552.95 689.14
580.09 689.14
607.23 689.11
634.87 689.13
662.01 689.16
689.21 689.19
716.79 689.18
743.91 689.16
771.05 689.11
798.18 689.14
825.83 689.11
853.00 689.07
880.01 689.13
907.06 689.16
934.80 689.23
116.82 716.81
144.07 716.69
171.03 716.69
198.23 716.72
225.88 716.76
253.01 716.81
280.05 716.79
307.21 716.77
334.85 716.82
361.99 716.78
389.15 716.82
416.75 716.79
443.89 716.78
471.02 716.79
498.18 716.78
525.80 716.78
552.98 716.74
580.12 716.74
607.25 716.75
634.89 716.80
662.03 716.78
689.17 716.83
716.78 716.83
743.92 716.81
771.02 716.79
798.16 716.74
825.79 716.72
853.03 716.74
880.01 716.65
907.16 716.79
116.69 743.88
144.05 743.99
171.07 743.84
198.17 743.88
225.86 743.91
252.96 743.90
280.08 743.93
307.23 743.94
334.88 743.96
361.99 743.97
389.09 743.90
416.75 743.94
443.91 743.96
471.04 743.92
498.14 743.92
525.81 743.89
553.00 743.92
580.11 743.91
607.28 743.93
634.89 743.89
662.08 743.91
689.15 743.91
716.77 743.93
743.91 743.92
771.04 743.89
798.15 743.86
825.86 743.82
852.92 743.78
879.98 743.92
907.28 743.79
144.00 771.15
171.07 771.12
198.24 771.06
225.85 770.98
252.94 771.00
280.13 771.00
307.24 771.01
334.90 771.07
361.98 771.00
389.14 771.05
416.76 771.05
443.91 771.06
471.01 771.06
498.14 771.08
525.81 771.06
552.93 771.08
580.11 771.06
607.28 771.08
634.94 771.05
662.04 771.01
689.15 771.06
716.81 771.02
743.89 770.99
771.02 771.02
798.19 770.97
825.80 770.98
852.91 771.10
880.04 771.08
171.10 798.19
198.23 798.21
225.82 798.19
253.01 798.16
280.10 798.12
307.30 798.18
334.91 798.14
361.99 798.17
389.12 798.20
416.75 798.18
443.95 798.18
471.02 798.20
498.17 798.24
525.78 798.21
552.93 798.23
580.07 798.16
607.28 798.19
634.92 798.17
662.01 798.19
689.11 798.16
716.75 798.17
743.86 798.17
770.95 798.17
798.17 798.18
825.83 798.18
852.91 798.14
170.90 825.69
198.30 825.70
225.80 825.79
252.93 825.76
280.17 825.83
307.33 825.76
334.92 825.79
362.02 825.80
389.17 825.80
416.80 825.83
443.90 825.83
471.04 825.83
498.21 825.79
525.83 825.80
552.96 825.84
580.07 825.81
607.26 825.81
634.88 825.81
661.95 825.81
689.12 825.83
716.69 825.85
743.81 825.88
771.00 825.80
798.22 825.79
825.71 825.72
853.07 825.72
198.29 853.05
225.84 852.94
252.89 852.88
280.16 852.93
307.26 852.99
334.97 853.00
362.04 852.98
389.22 852.96
416.83 852.94
443.89 852.94
471.04 852.91
498.17 852.94
525.83 852.99
552.92 852.92
580.10 852.96
607.23 853.00
634.85 852.96
661.97 852.94
689.10 853.04
716.71 853.00
743.77 852.95
771.05 852.90
798.19 852.92
825.71 853.07
252.82 880.02
280.02 879.96
307.33 879.99
334.87 880.01
362.04 880.09
389.21 880.05
416.82 880.08
443.95 880.01
471.03 880.05
498.19 880.11
525.80 880.09
552.94 880.12
580.03 880.08
607.25 880.09
634.82 880.04
662.02 880.10
689.14 880.00
716.66 880.02
743.89 879.99
771.10 880.04
280.10 907.30
307.18 907.18
334.83 907.10
362.08 906.99
389.11 907.08
416.81 907.07
443.92 907.17
471.09 907.14
498.15 907.16
525.86 907.13
552.92 907.16
580.08 907.16
607.21 907.08
634.95 907.09
661.98 906.95
689.11 907.07
716.79 907.17
743.81 907.30
334.75 934.81
362.10 934.91
389.13 934.72
416.77 934.70
443.97 934.62
471.01 934.58
498.17 934.56
525.83 934.63
552.99 934.61
580.08 934.62
607.31 934.67
634.94 934.73
661.93 934.84
689.23 934.84
416.82 962.07
443.98 961.99
471.07 962.05
498.20 962.06
525.80 962.12
552.92 962.14
580.03 962.12
607.28 962.06
