495.53 38.10
540.68 37.84
359.83 83.68
405.21 83.86
450.36 83.49
495.55 84.00
540.82 83.78
586.37 83.91
632.12 84.35
677.94 84.64
268.60 129.50
314.01 129.71
359.52 129.47
404.85 129.26
450.05 129.18
495.47 129.59
541.29 129.86
586.44 129.96
632.31 129.56
678.46 130.08
723.36 130.57
768.06 130.24
223.21 174.42
268.55 174.39
313.93 174.33
359.21 174.32
404.78 174.97
450.14 174.95
495.87 175.09
540.81 174.92
586.35 174.92
632.47 175.43
678.48 174.81
723.14 174.51
767.85 174.84
813.31 175.07
177.75 219.28
223.05 219.45
268.76 219.90
313.80 219.64
359.25 219.78
404.94 219.98
450.16 219.75
495.47 219.88
540.73 220.13
586.24 220.11
632.28 220.15
677.78 219.86
723.22 219.60
768.33 219.76
813.48 220.07
858.49 220.75
177.93 265.69
223.17 265.44
268.12 265.43
313.36 264.89
359.35 265.05
404.97 265.30
450.61 265.45
495.34 265.38
540.73 265.45
586.31 265.37
632.31 265.16
677.53 265.27
723.44 265.92
768.68 265.86
813.52 266.11
858.45 266.44
131.91 311.46
178.03 311.85
222.99 311.62
267.55 311.26
313.54 311.09
359.28 310.50
404.66 310.57
450.10 310.14
495.42 310.94
540.50 311.12
586.11 310.77
632.21 310.61
677.73 311.12
723.26 311.79
768.83 311.38
814.06 311.75
858.73 311.91
904.62 312.50
132.19 356.32
178.07 356.77
222.87 356.68
267.36 356.72
313.13 355.97
358.89 356.19
404.55 355.65
450.48 356.18
495.59 356.34
540.50 356.28
585.65 356.36
632.43 356.30
678.24 356.80
723.28 356.84
768.48 356.89
813.76 356.94
859.19 357.30
904.93 357.32
131.35 401.90
177.92 401.58
222.99 401.72
267.41 402.29
312.83 401.92
358.91 401.59
404.42 401.85
450.45 401.97
495.79 402.02
540.52 402.40
585.52 402.54
632.57 402.87
678.28 402.34
723.23 402.16
768.96 402.52
813.60 402.53
859.40 402.25
905.02 401.74
83.03 447.17
131.22 446.40
177.91 446.64
223.21 447.09
267.12 447.26
312.77 446.83
358.66 447.37
404.53 446.80
450.58 446.98
496.25 447.65
539.53 446.02
587.98 437.84
632.21 447.60
678.06 447.82
723.29 447.63
768.77 447.65
813.60 447.74
859.14 447.65
904.91 447.20
952.40 447.42
82.40 493.03
130.89 493.00
177.55 492.30
222.81 492.02
267.72 492.61
312.79 492.99
358.33 493.05
404.20 492.76
451.15 492.63
496.42 492.93
541.02 493.15
585.94 493.39
631.81 492.97
678.07 492.73
723.26 493.15
768.30 492.49
813.53 492.66
858.87 493.02
905.29 493.04
952.51 493.42
130.00 537.74
177.17 537.75
222.88 537.37
268.56 538.23
313.12 538.40
357.66 538.23
403.65 537.97
450.96 537.38
496.29 538.46
540.61 538.84
585.73 538.45
631.80 537.72
677.57 538.12
722.93 538.36
768.03 538.03
813.36 538.21
858.80 538.25
905.44 537.88
129.60 584.73
176.95 583.77
222.75 583.31
268.96 583.18
313.29 583.27
357.75 583.47
403.24 584.18
450.91 583.81
496.15 582.83
540.44 582.31
585.74 583.42
632.15 583.69
677.82 583.90
722.75 583.67
767.87 583.64
813.31 583.97
858.97 584.14
905.53 584.70
128.94 630.09
176.11 629.38
222.55 628.58
268.54 628.23
313.50 628.46
358.49 629.15
403.74 630.35
449.38 629.60
494.75 627.79
541.05 627.48
586.68 628.67
632.49 629.35
678.25 629.51
723.04 629.22
768.05 629.45
813.71 629.79
859.20 629.78
905.66 629.62
175.12 674.49
222.00 673.72
268.19 673.86
313.41 673.68
359.26 673.78
404.14 674.79
448.31 674.39
493.82 674.79
541.75 674.83
587.27 675.02
632.32 674.61
677.50 674.80
722.79 674.45
768.35 674.40
814.01 674.41
859.43 675.08
174.29 719.78
221.47 719.40
268.55 719.17
313.82 719.55
359.00 719.61
403.92 719.71
448.73 720.00
495.00 720.98
541.05 721.13
586.99 720.72
631.84 720.39
677.11 720.11
722.14 719.87
767.92 719.41
814.05 719.11
860.69 720.39
221.06 765.34
268.63 765.29
313.97 764.98
358.97 764.64
404.22 764.78
449.21 765.16
495.54 765.16
540.56 765.80
586.65 765.83
631.55 765.39
676.45 764.96
722.07 765.05
767.53 765.37
814.27 765.51
267.64 811.43
313.16 810.17
358.52 809.88
404.09 810.14
449.32 809.84
495.29 809.80
541.09 809.97
586.33 810.52
631.45 810.42
676.51 810.12
722.53 810.74
768.31 811.61
358.14 856.79
403.44 856.43
449.20 856.30
495.00 855.68
541.26 856.05
586.21 856.25
631.27 856.44
676.25 856.76
495.01 903.31
540.98 902.86
