495.50 38.15
540.71 37.85
359.86 83.60
405.19 83.80
450.34 83.54
495.54 84.01
540.92 83.85
586.36 83.88
632.14 84.36
678.05 84.59
268.65 129.37
314.03 129.53
359.49 129.36
404.89 129.22
450.07 129.16
495.41 129.54
541.26 129.87
586.43 129.90
632.31 129.47
678.51 129.99
723.40 130.54
768.15 130.11
223.25 174.49
268.57 174.40
313.96 174.25
359.26 174.25
404.80 174.89
450.21 174.94
495.85 175.05
540.80 174.96
586.30 174.90
632.39 175.34
678.52 174.75
723.16 174.49
767.92 174.84
813.30 175.05
177.70 219.30
223.04 219.52
268.71 219.93
313.79 219.63
359.27 219.77
404.86 219.97
450.23 219.71
495.49 219.89
540.80 220.20
586.23 220.05
632.29 220.15
677.81 219.83
723.20 219.52
768.31 219.75
813.43 220.07
858.48 220.70
177.92 265.68
223.22 265.50
268.07 265.58
313.36 264.93
359.43 265.14
404.91 265.29
450.65 265.40
495.34 265.37
540.70 265.38
586.39 265.37
632.30 265.22
677.48 265.31
723.54 265.93
768.75 265.89
813.53 266.18
858.45 266.41
131.93 311.39
178.06 311.83
222.98 311.54
267.52 311.24
313.54 311.17
359.32 310.53
404.67 310.61
450.15 310.14
495.43 310.90
540.49 311.11
586.14 310.77
632.19 310.61
677.70 311.08
723.29 311.82
768.84 311.43
814.17 311.82
858.65 311.81
904.64 312.41
132.14 356.28
178.05 356.75
222.88 356.68
267.41 356.77
313.12 356.00
358.92 356.23
404.62 355.68
450.51 356.16
495.57 356.28
540.44 356.27
585.69 356.34
632.48 356.27
678.26 356.84
723.29 356.82
768.52 356.89
813.81 357.01
859.13 357.31
904.94 357.32
131.41 401.91
177.95 401.59
223.01 401.73
267.45 402.29
312.88 401.91
358.91 401.61
404.40 401.86
450.46 401.96
495.76 401.97
540.47 402.33
585.64 402.52
632.56 402.83
678.30 402.30
723.20 402.12
769.00 402.49
813.61 402.47
859.25 402.29
905.06 401.83
83.13 447.21
131.26 446.40
177.94 446.63
223.18 447.09
267.11 447.24
312.82 446.83
358.63 447.36
404.56 446.78
450.55 446.98
496.19 447.65
540.84 447.63
585.94 447.54
632.27 447.54
677.99 447.78
723.30 447.65
768.78 447.63
813.61 447.70
859.12 447.63
904.94 447.24
952.39 447.41
82.54 493.06
130.90 493.02
177.55 492.38
222.80 492.03
267.68 492.65
312.79 493.01
358.31 493.09
404.25 492.78
451.12 492.63
496.33 492.95
540.86 493.23
585.95 493.36
631.75 492.87
678.12 492.73
723.32 493.28
768.33 492.52
813.54 492.73
858.89 493.07
905.36 493.03
952.58 493.49
130.14 537.78
177.21 537.77
222.84 537.38
268.52 538.18
313.12 538.37
357.71 538.27
403.70 538.03
450.94 537.41
496.27 538.45
540.55 538.84
585.53 538.09
631.76 537.72
677.50 538.15
722.82 538.33
767.98 538.03
813.42 538.29
858.86 538.27
905.39 537.87
129.75 584.71
176.99 583.82
222.77 583.29
268.90 583.17
313.33 583.32
357.85 583.48
403.31 584.19
450.86 583.80
496.15 582.83
540.47 582.38
585.78 583.40
632.09 583.72
677.81 583.82
722.74 583.69
767.89 583.65
813.36 583.98
858.96 584.11
905.44 584.62
129.01 629.96
176.18 629.39
222.48 628.62
268.51 628.26
313.49 628.47
358.53 629.16
403.81 630.31
449.39 629.57
494.79 627.81
541.03 627.54
586.65 628.67
632.48 629.33
678.21 629.52
723.07 629.25
768.08 629.52
813.71 629.85
859.25 629.79
905.69 629.63
175.24 674.48
222.04 673.71
268.18 673.88
313.40 673.66
359.33 673.77
404.19 674.76
448.38 674.35
493.86 674.75
541.62 674.77
587.20 675.00
632.28 674.60
677.48 674.77
722.77 674.41
768.32 674.37
814.06 674.42
859.40 675.09
174.40 719.75
221.49 719.40
268.56 719.15
313.83 719.54
359.03 719.64
403.94 719.71
448.83 719.96
494.94 720.92
541.02 721.00
587.03 720.61
631.89 720.34
677.16 720.07
722.17 719.91
767.92 719.43
814.04 719.14
860.67 720.41
221.06 765.34
268.72 765.26
314.01 764.96
359.01 764.66
404.25 764.82
449.20 765.18
495.43 765.19
540.55 765.82
586.69 765.81
631.62 765.40
676.53 764.98
722.02 765.10
767.51 765.36
814.23 765.54
267.73 811.41
313.27 810.21
358.65 809.94
404.06 810.18
449.35 809.92
495.30 809.93
541.10 810.07
586.29 810.59
631.53 810.44
676.61 810.12
722.55 810.74
768.31 811.55
358.26 856.71
403.56 856.45
449.25 856.44
495.05 855.81
541.21 856.13
586.09 856.33
631.31 856.47
676.28 856.72
495.02 903.28
540.89 902.84
