4.954877444462764515e+02 4.076053422306407725e+01
5.409679050636639204e+02 4.072841887367783187e+01
3.598221556922314903e+02 8.717775048803225957e+01
4.049410549365780980e+02 8.750913489484128149e+01
4.507543466620496702e+02 8.731956205771936652e+01
4.956359879433582023e+02 8.783225918377145547e+01
5.405722110802557836e+02 8.778513577022712866e+01
5.863527743827701215e+02 8.738311726411421887e+01
6.322258592956984558e+02 8.807543016532515878e+01
6.775306463163529997e+02 8.798533352533334551e+01
2.689445932336392389e+02 1.321997673939260665e+02
3.139345474579677102e+02 1.324582769389249677e+02
3.596713599600824409e+02 1.328277341810284327e+02
4.053036957888672305e+02 1.333002837164114851e+02
4.504109089318355359e+02 1.332840318644253728e+02
4.958347590819703328e+02 1.334155988044908270e+02
5.407260296942838522e+02 1.339036659257267843e+02
5.865285744798111409e+02 1.331983524965037589e+02
6.320485536218243396e+02 1.335021168260403215e+02
6.777404425517231630e+02 1.339476643681299777e+02
7.230816805595345613e+02 1.338237572364984374e+02
7.683530443899865077e+02 1.334120004261987162e+02
2.234346409031344933e+02 1.774839721240695667e+02
2.689571853915548445e+02 1.776705113380585317e+02
3.143360682885589767e+02 1.774789830424416266e+02
3.592457745397102258e+02 1.779568182211950500e+02
4.048724666412420561e+02 1.779657886833848295e+02
4.506071706055942627e+02 1.780515459957556459e+02
4.961761000612303292e+02 1.777880841560569820e+02
5.402137749140033520e+02 1.775758939031526040e+02
5.863651031256856641e+02 1.778501793255771588e+02
6.322887248749352693e+02 1.782732317577385857e+02
6.776889037860164535e+02 1.786287813727323339e+02
7.229012033091381682e+02 1.783848994059018196e+02
7.682632010751860889e+02 1.783910898127201676e+02
8.136569342448219686e+02 1.780508407271204021e+02
1.780562699150573849e+02 2.224544494433185378e+02
2.233286032312911971e+02 2.230331843837149677e+02
2.689091539649077731e+02 2.232644799835221932e+02
3.139312359777111965e+02 2.225865855110976099e+02
3.594527212561565079e+02 2.228175496512749305e+02
4.046880804924043105e+02 2.226329734993678358e+02
4.501247768913009963e+02 2.220677346687082832e+02
4.958893413585732333e+02 2.218447539378567797e+02
5.403321250214827387e+02 2.221183482068922217e+02
5.869043902928933676e+02 2.222714736465191834e+02
6.328253987013608821e+02 2.230047546723745597e+02
6.772003459469794961e+02 2.228734819610480429e+02
7.231509773248636748e+02 2.228702095462867305e+02
7.686650858747584607e+02 2.231650774800995691e+02
8.139799327972571064e+02 2.234936711308403972e+02
8.590838408821284702e+02 2.237400786748991663e+02
1.784043501153847728e+02 2.688153796571423868e+02
2.231634960392458993e+02 2.680558906663553671e+02
2.683326303831415771e+02 2.681721227633353806e+02
3.138374580683899921e+02 2.673792209253254555e+02
3.592546846966022827e+02 2.674292568950407940e+02
4.043328506379294822e+02 2.673883874941947170e+02
4.500560870428545286e+02 2.676236881976931841e+02
4.952381981043120618e+02 2.669312351130253660e+02
5.411484291187822464e+02 2.672406863793088974e+02
5.869047609674520345e+02 2.673487473163964978e+02
6.323748940608982139e+02 2.672858434311678479e+02
6.772468089500383712e+02 2.679052976207985921e+02
7.232149963011904674e+02 2.684708048656838173e+02
7.688043517861534610e+02 2.685134232082274366e+02
8.141823644102450999e+02 2.690346348709758786e+02
8.590800127086300790e+02 2.690248600532239607e+02
1.319310411831192198e+02 3.140710586729172746e+02
1.780976703146789930e+02 3.140024733827705745e+02
2.228028933121459545e+02 3.132886856844622230e+02
2.682547656189113923e+02 3.130277313020163774e+02
3.133471396612832223e+02 3.131232187119182413e+02
3.593274373052559554e+02 3.128345913851793512e+02
4.042620410257469530e+02 3.128312446006485743e+02
4.501287822237044338e+02 3.127333785650146751e+02
4.952875067641240321e+02 3.130594106215405077e+02
5.408490101861032144e+02 3.128490496583084450e+02
5.869151275845090368e+02 3.127629706897479309e+02
6.327014318229164473e+02 3.127147405714509318e+02
6.779195682792421849e+02 3.131742008423288439e+02
7.231745662365095768e+02 3.138839325521452110e+02
7.688267379031969995e+02 3.138750551745356461e+02
8.142883952519789545e+02 3.140071297511412354e+02
8.588129106308333576e+02 3.142326286566388944e+02
9.049561217781040341e+02 3.146820123189998526e+02
1.318753604124488277e+02 3.584161011691085150e+02
1.772137836753665852e+02 3.587587544195966984e+02
2.223499203132076332e+02 3.580678911036098384e+02
2.681358665955773404e+02 3.580802759781554414e+02
3.133243646923734786e+02 3.576691296602231773e+02
3.588084883656843544e+02 3.579102576347224840e+02
4.042520811829900254e+02 3.578975194930038697e+02
4.499064524085852099e+02 3.575763507310124396e+02
4.954315322487726121e+02 3.578019989459911017e+02
5.407958998121895320e+02 3.575749004615594231e+02
5.865580241282452789e+02 3.577861177183520454e+02
6.327758882491019676e+02 3.578184894204171655e+02
6.783794014624384090e+02 3.580886602669013428e+02
7.236217610002670426e+02 3.584084896059112566e+02
7.686258258111446366e+02 3.583256595353404350e+02
8.148400763822930912e+02 3.584599163687942678e+02
8.593305185301599067e+02 3.590292343849334316e+02
9.052907804044976956e+02 3.595622644127243461e+02
1.311233942499145542e+02 4.034058075770869323e+02
1.768978537892428449e+02 4.030772740609507991e+02
2.219860827185670473e+02 4.030591418261408307e+02
2.676223373519389384e+02 4.029646481524733872e+02
3.131052253236827028e+02 4.026498985284542869e+02
3.588152519759674988e+02 4.026495437070141179e+02
4.040891273729101840e+02 4.028671547789939495e+02
4.496394567020882391e+02 4.026498905005468032e+02
4.955917517401288706e+02 4.025866112590560419e+02
5.405938489114478216e+02 4.027716808769571912e+02
5.865173704148360230e+02 4.029727242581276982e+02
6.322362930486020787e+02 4.031602379227883262e+02
6.781353484561997220e+02 4.029666859026011707e+02
7.237279639117545003e+02 4.028079294703175606e+02
7.690132423945806295e+02 4.029845701572440930e+02
8.147900290182495837e+02 4.038490313048611142e+02
8.597448322612348193e+02 4.038499187843959817e+02
9.056574638239777642e+02 4.040604472446469231e+02
8.419649640205467733e+01 4.486090612372928490e+02
1.308903769110584676e+02 4.481234433582048950e+02
1.765810806494613985e+02 4.481626517284537954e+02
2.220915249155678737e+02 4.479328068274899124e+02
2.671264504018892012e+02 4.477253602042102330e+02
3.129856171784902017e+02 4.470482222573057811e+02
3.587704932656760661e+02 4.476388215723753206e+02
4.042075223681371199e+02 4.474516989515310570e+02
4.500738103241427552e+02 4.476261629887471827e+02
4.955857820901823061e+02 4.474632953261547073e+02
5.407058468067216381e+02 4.473448728117695055e+02
5.863231578122667997e+02 4.474945350719177668e+02
6.323286706524800138e+02 4.476802977150748006e+02
6.781011881898250522e+02 4.479836041479666164e+02
7.234672703768436577e+02 4.480114595212868949e+02
7.691174473441365080e+02 4.481064149522655384e+02
8.149365599075611044e+02 4.485160875532407658e+02
8.598496876034275829e+02 4.487446520559463465e+02
9.056917010293942667e+02 4.488639842239358586e+02
9.515181525659306772e+02 4.489587727129264749e+02
8.376232171802597293e+01 4.938358519116321190e+02
1.301869847231446897e+02 4.939146528018562776e+02
1.765957967048626074e+02 4.933959564013592853e+02
2.217947129086284406e+02 4.929895760128850952e+02
2.669262683063642498e+02 4.930850736581958813e+02
3.127039254261033534e+02 4.932217712347886049e+02
3.580013863644322214e+02 4.930715273434355481e+02
4.036619453357621978e+02 4.927278336754526435e+02
4.500348261595221402e+02 4.926338188408559517e+02
4.953857718904216085e+02 4.928681303582572468e+02
5.408584951977027231e+02 4.929045137573342004e+02
5.867874311806408514e+02 4.931913020556459060e+02
6.323178216984567825e+02 4.933102884956961134e+02
6.779290417827810415e+02 4.931688705327736102e+02
7.238454273137315340e+02 4.935436562675373580e+02
7.692553994571810563e+02 4.933060233184527306e+02
8.151859848942200415e+02 4.938750723439246713e+02
8.600886613294653671e+02 4.941519966137431652e+02
9.058346268975185467e+02 4.943102966631645359e+02
9.517545016830575833e+02 4.946797710819267877e+02
1.299767588068650923e+02 5.389693183130672196e+02
1.759299182663527858e+02 5.389374139182554018e+02
2.217609314998316279e+02 5.385285006148567390e+02
2.669484434509207631e+02 5.386563545231251737e+02
3.128063318985186925e+02 5.382012626830303361e+02
3.577845169352800667e+02 5.383392677347286508e+02
4.035010861031789204e+02 5.381679247144779765e+02
4.500776831529319679e+02 5.377873712531504680e+02
4.953815533244465996e+02 5.387338674202767379e+02
5.409765121649362527e+02 5.385965654592497458e+02
5.863447901828218392e+02 5.384320966408314462e+02
6.326740304955515057e+02 5.381078834195591298e+02
6.786111990147837787e+02 5.385107332230163593e+02
7.237488373347259767e+02 5.389136062053161140e+02
7.693931987877858774e+02 5.390510483302418834e+02
8.150857679500797985e+02 5.394206398680992152e+02
8.603318821189575374e+02 5.397620419910741703e+02
9.060705228595128347e+02 5.397052425039398713e+02
1.293503651142971194e+02 5.847776404083240323e+02
1.753963613339439860e+02 5.845961774415110312e+02
2.216767535602255634e+02 5.839290611779682649e+02
2.669878947715208710e+02 5.837152733307962080e+02
3.125727512839068254e+02 5.837531849125376766e+02
3.578590522238644098e+02 5.838606897231862831e+02
4.035744940744783662e+02 5.837611187921878582e+02
4.496602438002067856e+02 5.834699704996926357e+02
4.956921075650778903e+02 5.837430318293260143e+02
5.406068781967335326e+02 5.836676039963665517e+02
5.867689313787882384e+02 5.839569169458389979e+02
6.323442784890499979e+02 5.839336860363953292e+02
6.784929275245441431e+02 5.840526081723176048e+02
7.240380523369553885e+02 5.843374363568725585e+02
7.696980465034106373e+02 5.841274657642569537e+02
8.151636551837049183e+02 5.842839227107963325e+02
8.603183873050791135e+02 5.847525348793035391e+02
9.064962385722840281e+02 5.848934986924622308e+02
1.289345711795014040e+02 6.292262872768914121e+02
1.755057477465836655e+02 6.295548610998530421e+02
2.210362521394977193e+02 6.291767199138793103e+02
2.664278700218620770e+02 6.286907950587583400e+02
3.125850157686087414e+02 6.285003975637625899e+02
3.577842471925633845e+02 6.289775775709904337e+02
4.034174691421491161e+02 6.294350692788643755e+02
4.491163563874853253e+02 6.292153909314525890e+02
4.953898512302610584e+02 6.289168667706810538e+02
5.408774040282971782e+02 6.287779441660089788e+02
5.867946422124985020e+02 6.294306593415208226e+02
6.326192901080108868e+02 6.295096520084287022e+02
6.784901079935021926e+02 6.296622694911321787e+02
7.237675985403947152e+02 6.293827268840070701e+02
7.697081656038247957e+02 6.300571411328892282e+02
8.154204608433096837e+02 6.302313812801419317e+02
8.603405402473268850e+02 6.302737231730701524e+02
9.061880687494096946e+02 6.300409913847523740e+02
1.746970382128798178e+02 6.744472787080816261e+02
2.205690229989207580e+02 6.739062510606631804e+02
2.660324741120040812e+02 6.741913906178032221e+02
3.119082901766603300e+02 6.740017714155444537e+02
3.587118476613518396e+02 6.735797652282790295e+02
4.032270460266631744e+02 6.743812132457135249e+02
4.489285920151457390e+02 6.740012157362008338e+02
4.953658364203702149e+02 6.745512096204508907e+02
5.410234272237281630e+02 6.745922642699190419e+02
5.870747652854677199e+02 6.747833821873834950e+02
6.326956470633514300e+02 6.747029384517547896e+02
6.782086900160957157e+02 6.749049875677750379e+02
7.236357601652596259e+02 6.750530033707261737e+02
7.699481842137167860e+02 6.750262963630586910e+02
8.157358952896663595e+02 6.750857706265071556e+02
8.605593836175769411e+02 6.753308204438961866e+02
1.745345375910819143e+02 7.199769662424828311e+02
2.206421035720246948e+02 7.198363624815704043e+02
2.663929423741004712e+02 7.200255757147579061e+02
3.126121838948732261e+02 7.199980900100556482e+02
3.578000510546586383e+02 7.197700364534202890e+02
4.031323096031802606e+02 7.196708261042406320e+02
4.491729261515620237e+02 7.196644183464541129e+02
4.953276445807711070e+02 7.199700871540632079e+02
5.407939609371959477e+02 7.195195492907647576e+02
5.869818760257116992e+02 7.199135352158009482e+02
6.324831453897721758e+02 7.197601255280712849e+02
6.783085288863071582e+02 7.202015669029109404e+02
7.240122848655795451e+02 7.205575946458202452e+02
7.697666366660403128e+02 7.206847927281194188e+02
8.157763426562758013e+02 7.206941754032653762e+02
8.608947862659521206e+02 7.211843120755795553e+02
2.203152953300921979e+02 7.662225535295269765e+02
2.665335510554781422e+02 7.662108634226269714e+02
3.121098881317574296e+02 7.658135753137883057e+02
3.576395440318839292e+02 7.656884993635751471e+02
4.033242174221614960e+02 7.657406980634721094e+02
4.495803803941620345e+02 7.655531159040667717e+02
4.951971193924149475e+02 7.654234249514207704e+02
5.403135346140551292e+02 7.656600312074400563e+02
5.865401077857975451e+02 7.659218002693486369e+02
6.324886830045900297e+02 7.662706356744508867e+02
6.786113893905841223e+02 7.661369691979487015e+02
7.241658775097839680e+02 7.664049029629203460e+02
7.699846875980939558e+02 7.668740412030598463e+02
8.158576723319959001e+02 7.670983995797067792e+02
2.655820435679934803e+02 8.126611797443613341e+02
3.116494669632324417e+02 8.118827666462481147e+02
3.575440628282186708e+02 8.117923687411473566e+02
4.034905702478271223e+02 8.116524560637450350e+02
4.490446255053875575e+02 8.110371535638665819e+02
4.950815917831317847e+02 8.111666414602102577e+02
5.402833004990147856e+02 8.113364392624449692e+02
5.867517986261447049e+02 8.117114651465349198e+02
6.328083641362446770e+02 8.121168531153155072e+02
6.788331100470992396e+02 8.119593261067659569e+02
7.244206002428476268e+02 8.126838236304444081e+02
7.705209023992063067e+02 8.130905219812921132e+02
3.566553524596890270e+02 8.584388312975303279e+02
4.024167303049597422e+02 8.582846266513297451e+02
4.490428041025255652e+02 8.578086266655058125e+02
4.946708734573245465e+02 8.580267255934766126e+02
5.405357290404601827e+02 8.577880648983364154e+02
5.863288462695520593e+02 8.582424105117546560e+02
6.330623749422090896e+02 8.588487507772809977e+02
6.788728868699187160e+02 8.588955908975743796e+02
4.948846907613982467e+02 9.057733197748323164e+02
5.407673815049104178e+02 9.049644700970217173e+02
