495.56 38.36
540.74 38.12
359.85 83.95
405.16 84.05
450.40 83.71
495.51 84.21
540.96 84.06
586.34 84.08
632.18 84.60
677.99 84.79
268.64 129.67
313.98 129.82
359.58 129.58
404.86 129.47
450.13 129.46
495.47 129.83
541.21 130.04
586.36 130.02
632.22 129.79
678.40 130.23
723.43 130.71
768.15 130.44
223.24 174.74
268.62 174.70
313.94 174.57
359.29 174.57
404.77 175.13
450.17 175.18
495.81 175.20
540.83 175.09
586.28 175.18
632.37 175.64
678.41 175.06
723.18 174.84
768.03 175.08
813.41 175.34
177.72 219.55
223.08 219.74
268.75 220.14
313.77 219.93
359.34 220.05
404.92 220.25
450.20 220.04
495.50 220.14
540.72 220.37
586.38 220.51
632.22 220.40
677.83 220.10
723.29 219.92
768.44 219.98
813.52 220.34
858.60 220.95
178.00 265.92
223.19 265.69
268.16 265.74
313.45 265.18
359.39 265.36
404.93 265.54
450.54 265.73
495.44 265.66
540.76 265.68
586.34 265.71
632.30 265.47
677.54 265.55
723.37 266.23
768.77 266.12
813.62 266.33
858.57 266.67
131.98 311.68
178.09 312.02
222.98 311.83
267.70 311.47
313.55 311.37
359.35 310.76
404.66 310.91
450.14 310.55
495.53 311.16
540.56 311.31
586.15 311.01
632.26 310.93
677.76 311.47
723.31 312.01
768.80 311.62
814.01 312.04
858.73 312.13
904.71 312.68
132.16 356.62
178.01 356.95
222.86 356.89
267.55 356.89
313.17 356.23
358.97 356.49
404.55 356.07
450.46 356.49
495.64 356.61
540.52 356.53
585.74 356.66
632.42 356.61
678.28 357.06
723.34 357.08
768.48 357.15
813.84 357.22
859.24 357.56
905.00 357.52
131.44 402.15
177.86 401.90
223.00 401.91
267.47 402.46
312.99 402.14
358.95 401.84
404.46 402.09
450.41 402.18
495.74 402.29
540.53 402.62
585.64 402.76
632.49 403.09
678.23 402.57
723.32 402.44
768.90 402.69
813.67 402.86
859.35 402.56
905.09 402.05
83.42 447.39
131.31 446.73
177.86 446.95
223.12 447.41
267.28 447.48
312.91 447.01
358.76 447.59
404.63 447.03
450.56 447.22
496.16 447.91
540.84 447.84
585.88 447.87
632.20 447.85
677.97 448.08
723.21 447.95
768.87 447.96
813.66 447.95
859.12 447.94
904.99 447.46
952.17 447.68
83.01 493.30
130.94 493.21
177.50 492.60
222.81 492.32
267.75 492.93
312.86 493.20
358.38 493.29
404.23 493.01
451.07 492.91
496.31 493.23
540.84 493.41
585.99 493.57
631.91 493.22
678.04 492.99
723.30 493.48
768.39 492.77
813.65 493.00
858.93 493.31
905.33 493.34
952.28 493.68
130.22 538.04
177.17 538.04
222.96 537.66
268.51 538.47
313.21 538.62
357.86 538.51
403.71 538.29
450.96 537.73
496.24 538.66
540.63 539.06
585.68 538.40
631.91 537.95
677.67 538.44
722.98 538.58
768.10 538.30
813.45 538.58
858.87 538.62
905.47 538.23
129.69 584.87
176.90 584.08
222.77 583.57
268.90 583.45
313.33 583.52
357.90 583.70
403.37 584.36
450.81 584.00
496.04 583.19
540.50 582.78
585.86 583.73
632.17 583.95
677.83 584.13
722.82 583.95
767.98 583.98
813.48 584.28
859.03 584.37
905.56 584.92
129.09 630.21
176.22 629.65
222.56 628.87
268.58 628.48
313.55 628.69
358.58 629.33
403.78 630.50
449.50 629.83
494.85 628.23
541.06 627.89
586.69 628.96
632.38 629.62
678.13 629.81
723.05 629.46
768.16 629.76
813.77 630.07
859.26 630.05
905.57 629.92
175.27 674.75
222.06 674.02
268.17 674.21
313.43 674.01
359.29 674.05
404.20 675.06
448.54 674.64
494.13 675.06
541.56 675.07
587.20 675.23
632.32 674.93
677.57 675.06
722.81 674.72
768.47 674.69
814.06 674.70
859.45 675.26
174.54 719.98
221.59 719.67
268.57 719.52
313.88 719.85
359.03 719.89
403.97 720.03
448.88 720.32
495.10 721.16
540.93 721.27
586.92 720.96
631.85 720.68
677.20 720.38
722.24 720.13
768.07 719.67
814.09 719.52
860.51 720.63
221.21 765.68
268.70 765.54
313.97 765.21
359.03 764.96
404.25 765.07
449.28 765.40
495.46 765.50
540.59 766.06
586.59 766.13
631.64 765.67
676.57 765.24
722.18 765.36
767.63 765.68
814.32 765.82
267.72 811.61
313.23 810.49
358.63 810.30
404.18 810.55
449.32 810.25
495.28 810.25
540.98 810.40
586.19 811.00
631.43 810.75
676.52 810.39
722.57 811.10
768.39 811.90
358.25 857.02
403.57 856.73
449.23 856.60
495.03 856.14
541.08 856.45
586.16 856.65
631.29 856.80
676.40 857.07
495.07 903.51
540.85 903.02
