495.55 38.08
540.66 37.85
359.86 83.65
405.20 83.82
450.36 83.47
495.55 83.98
540.84 83.78
586.35 83.88
632.15 84.33
677.96 84.61
268.59 129.46
314.02 129.69
359.53 129.46
404.83 129.22
450.07 129.16
495.48 129.59
541.30 129.84
586.44 129.92
632.30 129.53
678.48 130.04
723.36 130.54
768.08 130.21
223.20 174.42
268.53 174.39
313.93 174.31
359.22 174.29
404.77 174.94
450.15 174.96
495.87 175.07
540.78 174.89
586.33 174.90
632.46 175.42
678.48 174.79
723.16 174.50
767.86 174.83
813.33 175.05
177.75 219.28
223.06 219.46
268.74 219.90
313.79 219.63
359.25 219.77
404.97 219.98
450.19 219.74
495.48 219.86
540.74 220.11
586.23 220.11
632.24 220.13
677.75 219.82
723.22 219.59
768.34 219.73
813.49 220.04
858.52 220.71
177.95 265.68
223.17 265.46
268.09 265.47
313.36 264.90
359.38 265.05
404.98 265.29
450.62 265.45
495.36 265.40
540.71 265.43
586.29 265.38
632.30 265.16
677.54 265.29
723.45 265.93
768.67 265.85
813.54 266.10
858.47 266.42
131.92 311.44
178.06 311.85
222.99 311.63
267.54 311.28
313.54 311.12
359.29 310.50
404.66 310.58
450.12 310.13
495.42 310.93
540.50 311.10
586.11 310.76
632.22 310.60
677.73 311.13
723.25 311.80
768.81 311.37
814.06 311.77
858.71 311.90
904.58 312.50
132.20 356.30
178.06 356.75
222.86 356.67
267.37 356.70
313.13 355.96
358.92 356.20
404.57 355.64
450.49 356.16
495.58 356.32
540.46 356.27
585.64 356.35
632.43 356.30
678.26 356.80
723.29 356.83
768.47 356.88
813.73 356.96
859.17 357.31
904.92 357.31
131.37 401.89
177.92 401.58
223.00 401.71
267.40 402.29
312.84 401.91
358.92 401.60
404.43 401.83
450.45 401.97
495.78 402.01
540.47 402.42
585.52 402.55
632.57 402.85
678.27 402.33
723.24 402.12
768.98 402.48
813.58 402.51
859.37 402.25
905.03 401.73
83.05 447.16
131.24 446.39
177.93 446.63
223.21 447.07
267.11 447.25
312.78 446.83
358.67 447.36
404.53 446.78
450.59 446.98
496.23 447.66
540.85 447.64
585.83 447.56
632.21 447.56
678.05 447.82
723.27 447.61
768.79 447.64
813.59 447.73
859.15 447.64
904.91 447.18
952.42 447.41
82.43 493.04
130.92 493.02
177.57 492.30
222.82 492.02
267.70 492.61
312.76 493.00
358.33 493.06
404.21 492.76
451.14 492.63
496.41 492.91
540.88 493.22
585.93 493.38
631.80 492.91
678.08 492.72
723.28 493.18
768.33 492.48
813.54 492.65
858.87 493.03
905.32 493.03
952.53 493.43
130.03 537.75
177.18 537.73
222.87 537.36
268.56 538.21
313.12 538.41
357.67 538.26
403.65 537.99
450.96 537.37
496.28 538.45
540.57 538.84
585.54 538.08
631.79 537.71
677.59 538.13
722.93 538.33
768.03 538.03
813.36 538.22
858.81 538.26
905.46 537.87
129.57 584.72
176.94 583.76
222.73 583.27
268.97 583.17
313.29 583.27
357.74 583.48
403.27 584.18
450.91 583.80
496.12 582.80
540.42 582.32
585.73 583.43
632.14 583.68
677.82 583.89
722.75 583.66
767.89 583.64
813.30 583.96
858.97 584.15
905.54 584.70
128.93 630.08
176.14 629.37
222.52 628.57
268.56 628.22
313.49 628.44
358.49 629.14
403.77 630.33
449.40 629.60
494.76 627.80
541.06 627.50
586.68 628.67
632.46 629.33
678.22 629.50
723.06 629.20
768.09 629.44
813.70 629.79
859.22 629.80
905.68 629.64
175.11 674.48
222.01 673.71
268.17 673.84
313.42 673.67
359.29 673.76
404.17 674.77
448.35 674.38
493.85 674.78
541.72 674.83
587.23 675.01
632.31 674.59
677.51 674.82
722.78 674.44
768.41 674.38
814.04 674.41
859.44 675.08
174.29 719.77
221.46 719.40
268.56 719.16
313.84 719.54
359.01 719.62
403.92 719.70
448.73 720.01
494.99 720.97
541.02 721.12
586.99 720.70
631.84 720.38
677.10 720.13
722.14 719.87
767.95 719.40
814.08 719.11
860.70 720.37
221.05 765.32
268.65 765.28
314.00 764.99
358.99 764.65
404.25 764.80
449.20 765.17
495.51 765.17
540.56 765.82
586.65 765.84
631.56 765.39
676.44 764.96
722.07 765.06
767.54 765.37
814.32 765.50
267.65 811.44
313.18 810.19
358.53 809.89
404.11 810.16
449.33 809.87
495.27 809.86
541.09 810.03
586.30 810.56
631.42 810.43
676.51 810.13
722.54 810.76
768.32 811.63
358.17 856.79
403.49 856.44
449.21 856.35
495.00 855.74
541.23 856.09
586.18 856.27
631.25 856.45
676.26 856.79
495.03 903.31
540.95 902.86
