490.01 146.40
518.01 147.18
545.49 147.13
380.96 173.83
409.10 174.30
436.55 174.25
463.32 174.51
490.58 174.63
517.66 174.91
545.35 174.57
572.40 174.62
599.42 174.45
627.14 174.27
654.66 174.44
326.99 200.78
354.49 201.47
381.63 201.52
409.02 201.86
436.13 201.85
463.36 201.56
490.64 201.45
517.80 201.28
545.39 201.49
572.17 201.55
599.36 201.87
626.86 201.91
654.29 201.55
681.73 201.81
708.60 201.55
299.24 228.02
327.05 228.48
354.52 228.43
381.89 228.64
408.82 228.47
436.56 228.26
463.69 228.80
490.76 228.89
517.79 228.94
545.20 228.34
572.24 228.53
599.54 228.54
627.09 228.33
654.33 228.67
681.20 228.99
708.95 229.14
736.27 229.09
272.11 255.68
299.63 256.34
327.44 256.28
354.74 256.24
381.82 256.23
408.96 256.28
436.37 256.26
463.74 256.30
490.64 256.31
517.81 256.32
545.33 256.29
572.25 256.37
599.62 256.34
627.14 256.21
654.11 256.26
681.62 256.37
708.58 256.49
736.74 256.48
763.46 256.84
245.20 282.92
272.32 283.11
300.07 283.52
327.33 283.18
354.48 283.32
381.71 283.23
408.99 283.32
436.23 283.43
463.33 283.32
490.59 283.24
517.83 283.27
545.25 283.23
572.47 283.45
599.53 283.35
627.06 283.33
654.15 283.19
681.30 283.45
708.63 283.27
736.05 283.37
763.42 283.32
790.60 284.00
217.71 309.88
245.32 309.96
272.97 310.64
299.90 310.31
327.50 310.33
354.41 310.27
381.85 310.25
408.77 310.19
436.27 310.15
463.29 310.18
490.60 310.26
517.91 310.22
545.22 310.08
572.67 310.14
599.70 310.23
627.10 310.16
654.21 310.34
681.26 310.27
708.58 310.58
736.16 310.38
763.17 310.65
790.60 310.19
817.83 311.12
190.23 338.19
218.39 338.02
245.75 338.24
272.79 338.38
300.01 338.26
327.34 338.23
354.78 338.30
381.77 338.18
408.86 338.20
436.27 338.08
463.59 338.10
490.74 338.09
517.85 338.10
545.44 338.08
572.81 338.06
599.83 338.06
627.20 338.18
654.34 338.11
681.64 338.27
708.73 338.25
736.17 338.29
763.51 338.34
790.69 338.55
817.57 338.20
845.75 338.64
190.05 363.97
218.27 365.45
245.88 365.47
272.85 365.31
299.78 365.28
327.39 365.30
354.46 365.18
381.71 365.21
408.73 365.13
436.26 365.12
463.41 365.20
490.79 365.19
517.79 365.13
545.26 365.13
572.75 365.16
599.82 365.23
627.28 365.06
654.36 365.23
681.64 365.13
708.63 365.36
736.16 365.24
763.31 365.33
790.70 365.29
817.69 365.76
845.21 365.18
163.16 392.02
191.23 392.51
217.98 392.34
245.53 392.41
272.68 392.45
299.88 392.44
327.20 392.25
354.33 392.28
381.63 392.21
408.75 392.27
436.18 392.16
463.27 392.25
490.63 392.28
517.82 392.36
545.35 392.29
572.67 392.27
599.75 392.24
627.29 392.25
654.29 392.25
681.73 392.38
708.64 392.24
736.09 392.42
763.31 392.44
790.57 392.47
817.65 392.75
845.30 392.67
872.64 392.68
162.92 419.09
191.28 419.43
217.96 419.60
245.70 419.40
272.78 419.61
299.83 419.60
327.30 419.29
354.30 419.27
381.66 419.23
408.70 419.27
436.31 419.31
463.21 419.26
490.65 419.46
517.86 419.46
545.45 419.26
572.63 419.48
599.82 419.58
627.25 419.19
654.35 419.23
681.77 419.43
708.71 419.54
736.13 419.24
763.31 419.56
790.72 419.67
817.84 419.64
845.03 419.79
872.57 419.43
163.02 446.82
191.39 447.14
217.98 447.46
245.73 447.41
272.85 447.24
299.87 447.25
327.25 447.18
354.35 447.14
381.76 447.17
408.82 447.28
436.34 447.14
463.59 447.18
490.84 447.27
517.81 447.23
545.37 447.19
572.77 447.26
599.89 447.24
627.30 447.24
654.66 447.27
681.82 447.26
708.84 447.20
736.27 447.27
763.31 447.24
790.83 447.47
817.93 447.51
845.03 447.34
872.96 447.58
163.19 473.32
191.19 474.13
218.08 474.27
245.48 474.25
272.79 474.28
299.77 474.22
327.11 474.16
354.37 474.15
381.72 474.21
408.83 474.22
436.25 474.18
463.31 474.16
490.77 474.23
517.78 474.21
545.31 474.20
572.74 474.28
599.71 474.23
627.30 474.28
654.40 474.22
681.71 474.26
708.98 474.31
736.25 474.20
763.26 474.34
790.74 474.38
817.77 474.39
845.21 474.47
872.64 474.40
136.21 501.20
164.05 501.37
190.97 501.20
217.99 501.37
245.43 501.21
272.69 501.13
299.73 501.20
327.18 501.19
354.21 501.24
381.73 501.24
408.76 501.23
436.22 501.19
463.39 501.33
490.70 501.38
517.83 501.57
545.43 501.29
572.43 501.53
599.71 501.49
627.28 501.28
654.29 501.44
681.74 501.57
708.80 501.30
736.32 501.56
763.30 501.39
790.65 501.35
817.80 501.65
845.12 501.29
872.45 501.63
899.86 501.84
135.82 527.89
164.34 528.28
190.82 528.52
218.22 528.53
245.46 528.30
272.75 528.51
299.63 528.59
327.25 528.35
354.30 528.49
381.81 528.46
408.77 528.58
436.30 528.55
463.37 528.52
490.81 528.58
517.87 528.62
545.38 528.60
572.67 528.61
599.78 528.71
627.27 528.59
654.63 528.64
681.86 528.65
708.85 528.76
736.35 528.76
763.32 528.67
790.70 528.64
817.74 528.57
845.41 528.59
872.13 528.64
899.71 528.60
135.75 555.80
164.12 556.41
191.20 556.36
217.91 556.20
245.71 556.36
272.83 556.39
299.74 556.47
327.18 556.40
354.56 556.30
381.83 556.40
408.84 556.39
436.36 556.45
463.63 556.35
490.79 556.39
518.07 556.42
545.39 556.42
572.73 556.43
599.80 556.49
627.31 556.45
654.63 556.43
681.87 556.50
708.93 556.51
736.40 556.53
763.65 556.56
790.69 556.45
817.86 556.28
845.11 556.37
872.36 556.38
899.85 556.66
163.33 582.62
191.22 583.20
217.97 583.21
245.43 583.14
272.76 583.20
299.76 583.28
327.18 583.32
354.37 583.32
381.72 583.31
408.80 583.36
436.35 583.32
463.60 583.37
490.80 583.59
517.90 583.29
545.41 583.30
572.76 583.67
599.77 583.60
627.28 583.30
654.41 583.67
681.76 583.58
708.86 583.41
736.28 583.36
763.15 583.32
790.77 583.58
817.84 583.64
844.98 583.32
872.40 583.33
162.96 609.41
191.39 610.09
217.81 610.16
245.41 610.11
272.85 610.28
299.73 610.48
327.27 610.29
354.37 610.34
381.73 610.54
408.77 610.55
436.42 610.47
463.36 610.34
490.78 610.56
517.99 610.56
545.36 610.48
572.72 610.48
599.86 610.62
627.26 610.55
654.43 610.50
681.62 610.63
708.93 610.65
736.40 610.44
763.19 610.53
790.70 610.14
817.86 610.15
844.84 610.63
872.74 610.11
162.96 637.53
191.45 637.95
218.05 638.20
245.47 638.12
272.89 638.13
299.96 638.29
327.28 638.13
354.59 638.34
381.78 638.30
408.92 638.34
436.35 638.29
463.69 638.32
490.89 638.34
517.98 638.30
545.81 638.36
572.84 638.35
599.93 638.35
627.50 638.34
654.70 638.39
681.87 638.40
708.96 638.33
736.27 638.24
763.52 638.10
790.76 638.12
817.93 638.26
845.08 637.79
872.75 638.20
163.01 664.82
191.22 665.25
218.17 665.25
245.67 665.11
272.66 665.21
299.98 665.14
327.27 665.32
354.35 665.30
381.78 665.43
408.84 665.44
436.31 665.45
463.62 665.35
490.80 665.31
518.09 665.42
545.70 665.34
572.80 665.41
599.96 665.39
627.37 665.33
654.62 665.38
681.78 665.42
708.90 665.36
736.24 665.22
763.63 665.25
790.88 665.35
817.60 665.25
845.34 665.49
872.69 665.58
190.53 692.08
218.32 692.05
245.71 692.30
272.84 692.24
299.87 692.33
327.35 692.19
354.43 692.41
381.69 692.36
408.80 692.63
436.32 692.30
463.37 692.41
490.76 692.64
518.00 692.71
545.48 692.62
572.68 692.37
599.84 692.59
627.31 692.39
654.42 692.57
681.69 692.66
708.72 692.50
736.21 692.30
763.24 692.32
790.81 692.52
817.58 692.44
845.37 692.59
189.94 718.55
218.36 719.79
245.93 719.43
272.79 719.61
300.04 719.58
327.33 719.52
354.47 719.21
381.57 719.50
408.97 719.58
436.27 719.69
463.53 719.71
490.87 719.68
517.98 719.74
545.50 719.69
572.77 719.77
599.83 719.74
627.32 719.56
654.33 719.67
681.53 719.50
708.83 719.65
736.13 719.23
763.64 719.54
790.55 719.46
817.65 719.80
845.67 719.62
217.61 746.54
245.93 747.49
272.98 747.10
300.01 747.33
327.55 747.26
354.77 747.33
381.90 747.21
408.84 747.39
436.41 747.35
463.66 747.35
490.85 747.33
518.09 747.44
545.64 747.39
572.79 747.39
599.81 747.43
627.41 747.31
654.28 747.24
681.68 747.27
708.76 747.26
736.33 747.37
763.26 747.25
790.83 747.55
817.75 747.55
245.26 773.50
272.98 774.47
299.98 774.09
327.73 774.24
354.81 774.28
381.94 774.40
409.00 774.23
436.30 774.17
463.65 774.22
490.77 774.56
518.04 774.34
545.47 774.22
572.69 774.16
599.78 774.16
627.13 774.31
654.37 774.58
681.48 774.28
708.81 774.70
736.20 774.33
763.67 774.42
790.60 774.55
272.47 800.85
299.78 801.60
327.54 801.25
354.72 801.51
381.83 801.67
409.02 801.74
436.44 801.63
463.74 801.60
490.70 801.62
517.89 801.59
545.45 801.56
572.38 801.56
599.49 801.66
627.13 801.56
654.07 801.56
681.64 801.78
708.77 801.61
736.36 801.20
763.43 801.64
299.66 828.19
327.30 828.19
354.79 828.40
381.90 828.60
408.99 828.78
436.83 828.78
463.64 828.67
490.95 828.68
517.83 828.66
545.42 828.71
572.25 828.65
599.57 828.77
627.12 828.60
654.31 828.46
681.46 828.50
708.91 828.45
736.42 828.85
327.28 855.99
354.77 856.35
381.86 856.31
409.14 855.99
436.31 856.00
463.83 856.19
490.91 856.22
517.97 856.46
545.70 856.18
572.68 856.09
599.77 856.03
627.06 856.07
654.66 856.34
681.88 856.51
708.66 856.74
381.17 883.04
409.05 883.69
436.76 883.61
463.74 883.58
490.94 883.60
517.83 883.13
545.66 883.22
572.66 883.58
599.58 883.64
627.22 883.63
654.64 883.56
490.21 910.11
518.05 910.83
545.77 910.74
