495.54 38.11
540.65 37.84
359.84 83.67
405.20 83.81
450.38 83.46
495.56 83.95
540.84 83.77
586.31 83.84
632.09 84.31
677.92 84.64
268.57 129.46
314.01 129.66
359.48 129.43
404.83 129.23
450.05 129.13
495.43 129.55
541.25 129.79
586.42 129.88
632.25 129.51
678.45 130.05
723.30 130.56
768.03 130.22
223.19 174.39
268.53 174.38
313.93 174.30
359.18 174.28
404.74 174.91
450.13 174.93
495.86 175.03
540.78 174.86
586.28 174.87
632.43 175.42
678.48 174.78
723.12 174.48
767.79 174.82
813.26 175.09
177.73 219.23
223.05 219.42
268.73 219.90
313.77 219.61
359.21 219.76
404.92 219.96
450.18 219.71
495.48 219.84
540.77 220.10
586.23 220.07
632.24 220.12
677.76 219.83
723.18 219.58
768.26 219.74
813.41 220.06
858.45 220.74
177.92 265.66
223.19 265.44
268.09 265.46
313.37 264.88
359.34 265.06
404.94 265.29
450.59 265.42
495.34 265.34
540.73 265.41
586.34 265.36
632.34 265.15
677.55 265.27
723.43 265.89
768.66 265.87
813.49 266.11
858.43 266.43
131.92 311.43
178.04 311.87
223.00 311.63
267.55 311.25
313.53 311.09
359.24 310.45
404.62 310.55
450.09 310.10
495.40 310.92
540.52 311.10
586.14 310.76
632.20 310.57
677.71 311.06
723.25 311.74
768.81 311.34
814.03 311.76
858.66 311.84
904.55 312.53
132.13 356.29
178.02 356.75
222.86 356.65
267.36 356.71
313.10 355.93
358.91 356.19
404.53 355.64
450.49 356.18
495.57 356.30
540.43 356.26
585.64 356.35
632.45 356.28
678.25 356.80
723.29 356.82
768.48 356.87
813.72 356.98
859.18 357.32
904.94 357.33
131.33 401.87
177.90 401.56
222.97 401.70
267.39 402.29
312.85 401.90
358.91 401.60
404.41 401.85
450.47 402.00
495.76 402.01
540.45 402.43
585.53 402.57
632.57 402.84
678.25 402.35
723.23 402.18
768.96 402.53
813.56 402.50
859.35 402.25
905.04 401.74
83.03 447.16
131.22 446.40
177.90 446.62
223.20 447.09
267.10 447.25
312.78 446.84
358.63 447.37
404.53 446.79
450.62 447.02
496.23 447.67
540.83 447.67
585.84 447.59
632.22 447.59
678.04 447.83
721.96 445.91
768.68 447.52
813.57 447.75
859.11 447.63
904.87 447.19
952.39 447.39
82.43 493.02
130.88 493.02
177.57 492.28
222.81 492.00
267.69 492.62
312.77 493.02
358.30 493.06
404.20 492.77
451.17 492.64
496.42 492.94
540.84 493.22
585.92 493.38
631.78 492.93
678.11 492.75
723.24 493.10
768.20 492.36
813.50 492.67
858.83 493.01
905.30 493.00
952.49 493.44
130.05 537.75
177.19 537.73
222.87 537.34
268.58 538.18
313.11 538.41
357.63 538.25
403.61 537.97
451.01 537.34
496.35 538.42
540.57 538.85
585.50 538.10
631.78 537.71
677.56 538.16
722.86 538.37
767.94 538.01
813.29 538.23
858.80 538.25
905.42 537.86
129.59 584.75
176.96 583.77
222.73 583.27
268.99 583.13
313.29 583.25
357.71 583.46
403.26 584.21
450.94 583.79
496.14 582.79
540.45 582.31
585.73 583.41
632.13 583.72
677.81 583.89
722.72 583.67
767.80 583.62
813.28 583.98
858.96 584.16
905.51 584.73
128.92 630.08
176.12 629.40
222.53 628.57
268.60 628.19
313.48 628.43
358.48 629.16
403.75 630.36
449.38 629.60
494.75 627.72
541.12 627.48
586.70 628.64
632.45 629.32
678.23 629.51
723.03 629.24
768.03 629.46
813.70 629.83
859.22 629.84
905.70 629.67
175.10 674.49
222.01 673.73
268.20 673.86
313.43 673.68
359.30 673.77
404.14 674.77
448.30 674.38
493.84 674.81
541.74 674.85
587.27 675.04
632.28 674.61
677.50 674.80
722.76 674.45
768.33 674.38
814.03 674.42
859.42 675.08
174.28 719.77
221.47 719.43
268.59 719.18
313.85 719.56
359.00 719.63
403.91 719.70
448.75 720.02
495.00 721.01
541.03 721.14
587.03 720.69
631.84 720.39
677.10 720.11
722.10 719.88
767.92 719.41
814.06 719.12
860.72 720.37
221.04 765.36
268.68 765.31
313.98 765.01
358.96 764.65
404.23 764.80
449.19 765.15
495.51 765.14
540.59 765.81
586.69 765.83
631.57 765.39
676.41 764.95
722.05 765.05
767.51 765.34
814.30 765.53
267.63 811.47
313.15 810.19
358.52 809.89
404.08 810.14
449.30 809.82
495.29 809.80
541.17 810.00
586.34 810.52
631.41 810.40
676.50 810.13
722.52 810.76
768.29 811.61
358.14 856.75
403.49 856.40
449.20 856.33
495.05 855.72
541.27 856.06
586.22 856.26
631.22 856.44
676.24 856.77
495.05 903.29
540.96 902.86
