495.57 38.39
540.71 38.12
359.83 84.00
405.16 84.09
450.44 83.70
495.54 84.19
540.94 84.05
586.31 84.05
632.12 84.60
677.92 84.86
268.60 129.70
313.95 129.81
359.54 129.59
404.86 129.52
450.14 129.46
495.47 129.79
541.18 130.00
586.38 130.01
632.20 129.81
678.36 130.29
723.36 130.76
768.07 130.48
223.24 174.74
268.63 174.71
313.91 174.61
359.23 174.61
404.72 175.17
450.16 175.19
495.83 175.20
540.88 175.07
586.25 175.19
632.37 175.68
678.37 175.12
723.13 174.86
767.94 175.12
813.34 175.39
177.70 219.54
223.08 219.73
268.73 220.15
313.74 219.96
359.28 220.09
404.87 220.29
450.17 220.06
495.51 220.18
540.75 220.38
586.40 220.51
632.24 220.43
677.82 220.15
723.24 219.96
768.37 220.05
813.44 220.40
858.53 221.02
177.96 265.94
223.22 265.69
268.18 265.74
313.46 265.19
359.33 265.41
404.89 265.56
450.53 265.77
495.44 265.66
540.79 265.69
586.38 265.69
632.32 265.50
677.55 265.58
723.32 266.24
768.72 266.18
813.56 266.37
858.53 266.72
131.97 311.70
178.08 312.06
222.98 311.81
267.73 311.44
313.53 311.34
359.31 310.74
404.62 310.89
450.10 310.54
495.53 311.20
540.60 311.34
586.17 311.02
632.22 310.91
677.75 311.44
723.30 311.97
768.76 311.64
813.96 312.06
858.71 312.13
904.67 312.75
132.11 356.62
177.99 356.97
222.87 356.86
267.54 356.89
313.15 356.21
358.95 356.47
404.50 356.09
450.47 356.51
495.64 356.64
540.50 356.54
585.74 356.68
632.40 356.61
678.26 357.07
723.35 357.10
768.48 357.16
813.85 357.23
859.24 357.58
905.01 357.57
131.40 402.12
177.82 401.88
222.97 401.89
267.47 402.46
313.01 402.14
358.93 401.84
404.45 402.08
450.44 402.18
495.78 402.28
540.53 402.63
585.63 402.78
632.46 403.11
678.19 402.62
723.31 402.48
768.88 402.71
813.67 402.85
859.35 402.56
905.10 402.06
83.41 447.40
131.29 446.75
177.83 446.95
223.11 447.42
267.29 447.49
312.89 447.02
358.73 447.59
404.63 447.05
450.62 447.25
496.20 447.93
540.82 447.85
585.89 447.90
632.19 447.90
677.95 448.09
723.19 448.04
768.80 447.97
813.63 447.94
859.08 447.91
904.97 447.47
952.14 447.67
83.03 493.25
130.90 493.18
177.49 492.54
222.79 492.28
267.75 492.91
312.85 493.21
358.36 493.28
404.22 492.99
451.13 492.90
496.36 493.21
540.81 493.40
585.98 493.55
631.88 493.22
678.03 493.00
723.26 493.47
768.30 492.77
813.61 493.00
858.89 493.27
905.33 493.32
952.23 493.66
130.20 538.01
177.17 538.02
222.98 537.63
268.53 538.43
313.21 538.59
357.81 538.51
403.68 538.28
451.04 537.72
496.32 538.61
540.67 539.02
585.66 538.41
631.89 537.95
677.63 538.43
722.94 538.59
768.03 538.28
813.39 538.56
858.88 538.57
905.44 538.23
129.67 584.86
176.91 584.09
222.79 583.54
268.91 583.41
313.33 583.49
357.85 583.67
403.36 584.38
450.84 583.99
496.05 583.16
540.52 582.75
585.88 583.68
632.15 583.95
677.81 584.11
722.78 583.94
767.93 583.96
813.44 584.30
859.04 584.38
905.54 584.94
129.08 630.18
176.21 629.65
222.57 628.84
268.59 628.45
313.54 628.69
358.55 629.35
403.74 630.51
449.48 629.81
494.85 628.22
541.08 627.91
586.71 628.92
632.37 629.59
678.13 629.78
723.00 629.48
768.11 629.75
813.76 630.08
859.24 630.05
905.58 629.91
175.24 674.74
222.05 674.03
268.21 674.23
313.44 674.04
359.29 674.05
404.14 675.07
448.46 674.63
494.10 675.08
541.59 675.10
587.25 675.23
632.33 674.92
677.58 675.05
722.79 674.72
768.40 674.68
814.01 674.69
859.44 675.25
174.54 719.99
221.61 719.73
268.59 719.58
313.88 719.89
359.02 719.89
403.93 720.02
448.86 720.32
495.10 721.21
540.98 721.30
586.96 720.98
631.84 720.70
677.21 720.38
722.20 720.13
768.02 719.69
814.04 719.55
860.50 720.64
221.22 765.73
268.72 765.59
313.94 765.26
358.97 764.96
404.18 765.08
449.25 765.41
495.46 765.50
540.63 766.05
586.65 766.11
631.66 765.70
676.55 765.24
722.15 765.35
767.59 765.66
814.28 765.85
267.70 811.67
313.20 810.53
358.58 810.33
404.14 810.54
449.31 810.26
495.30 810.23
541.03 810.38
586.25 810.96
631.45 810.78
676.50 810.42
722.54 811.13
768.36 811.91
358.19 857.04
403.52 856.74
449.22 856.61
495.04 856.16
541.12 856.46
586.23 856.66
631.27 856.80
676.37 857.11
495.08 903.52
540.84 903.07
