487.01 135.15
514.18 135.12
541.83 135.15
377.91 162.35
405.17 162.27
432.86 162.24
459.91 162.37
487.02 162.44
514.17 162.50
541.85 162.40
568.96 162.35
596.00 162.24
623.70 162.26
650.90 162.34
323.83 189.39
350.81 189.49
377.99 189.57
405.19 189.66
432.77 189.63
459.94 189.60
487.01 189.58
514.18 189.49
541.83 189.53
568.92 189.56
596.09 189.67
623.65 189.61
650.88 189.56
678.03 189.55
705.00 189.40
296.10 216.77
323.62 216.72
350.93 216.72
378.02 216.71
405.15 216.64
432.84 216.56
459.91 216.61
487.05 216.63
514.17 216.71
541.80 216.56
568.94 216.59
596.02 216.58
623.71 216.57
650.86 216.69
677.92 216.76
705.20 216.81
732.69 216.71
268.97 244.34
296.00 244.29
323.77 244.25
350.89 244.20
378.06 244.21
405.17 244.24
432.83 244.20
459.92 244.24
487.02 244.27
514.16 244.24
541.82 244.22
568.94 244.22
596.04 244.22
623.72 244.20
650.83 244.19
677.97 244.23
705.08 244.29
732.81 244.28
759.81 244.32
241.90 271.43
268.93 271.35
296.14 271.43
323.77 271.32
350.90 271.38
378.04 271.33
405.18 271.36
432.79 271.36
459.93 271.37
487.00 271.36
514.16 271.37
541.84 271.33
568.95 271.37
596.08 271.37
623.72 271.32
650.85 271.30
677.96 271.38
705.10 271.36
732.71 271.39
759.89 271.36
786.97 271.47
214.26 298.57
241.86 298.42
269.02 298.58
296.09 298.54
323.79 298.51
350.88 298.49
378.04 298.53
405.14 298.51
432.81 298.43
459.90 298.46
487.03 298.49
514.15 298.50
541.81 298.45
568.98 298.46
596.06 298.48
623.76 298.45
650.85 298.52
677.99 298.51
705.09 298.54
732.76 298.49
759.84 298.56
786.96 298.47
814.12 298.61
186.92 326.25
214.33 326.03
241.85 326.16
268.92 326.16
296.11 326.18
323.75 326.13
350.91 326.15
378.01 326.12
405.14 326.11
432.78 326.08
459.91 326.08
487.01 326.09
514.15 326.09
541.82 326.07
568.97 326.05
596.10 326.08
623.74 326.10
650.88 326.09
677.97 326.14
705.11 326.13
732.76 326.14
759.92 326.14
786.97 326.17
814.02 326.06
841.90 326.26
187.03 353.20
214.29 353.34
241.80 353.29
268.99 353.30
296.08 353.28
323.77 353.28
350.86 353.24
378.00 353.26
405.11 353.24
432.77 353.23
459.90 353.24
487.02 353.23
514.15 353.23
541.81 353.22
568.96 353.22
596.09 353.24
623.77 353.19
650.89 353.23
678.02 353.23
705.10 353.27
732.78 353.23
759.88 353.28
787.02 353.27
814.05 353.34
841.75 353.21
159.87 380.39
187.13 380.41
214.27 380.45
241.80 380.44
268.93 380.45
296.10 380.46
323.74 380.38
350.87 380.39
377.98 380.39
405.10 380.40
432.75 380.36
459.89 380.38
487.01 380.41
514.14 380.42
541.81 380.39
568.96 380.39
596.10 380.38
623.77 380.34
650.90 380.35
678.01 380.38
705.13 380.39
732.74 380.39
759.94 380.40
787.04 380.45
814.07 380.44
841.70 380.39
868.97 380.39
159.78 407.62
187.20 407.62
214.20 407.60
241.83 407.55
268.96 407.58
296.07 407.55
323.73 407.50
350.84 407.48
377.98 407.50
405.09 407.51
432.76 407.48
459.88 407.51
487.00 407.54
514.15 407.55
541.82 407.50
568.96 407.51
596.08 407.53
623.76 407.45
650.89 407.47
678.04 407.48
705.13 407.53
732.78 407.47
759.91 407.54
787.04 407.57
814.15 407.58
841.64 407.60
869.04 407.55
159.78 435.25
187.22 435.13
214.18 435.24
241.82 435.20
268.99 435.16
296.03 435.19
323.71 435.14
350.86 435.13
377.98 435.12
405.11 435.14
432.78 435.14
459.89 435.15
487.00 435.16
514.15 435.16
541.81 435.14
568.95 435.16
596.08 435.15
623.74 435.13
650.88 435.13
678.01 435.14
705.16 435.13
732.81 435.16
759.90 435.15
787.03 435.19
814.17 435.21
841.61 435.13
869.08 435.23
159.91 462.30
187.17 462.33
214.21 462.31
241.84 462.29
268.99 462.31
296.04 462.29
323.70 462.27
350.85 462.27
377.98 462.27
405.11 462.27
432.78 462.26
459.90 462.27
487.01 462.30
514.16 462.31
541.80 462.29
568.96 462.29
596.06 462.31
623.74 462.27
650.86 462.28
678.02 462.29
705.19 462.29
732.80 462.25
759.90 462.29
787.02 462.31
814.15 462.30
841.70 462.32
868.95 462.27
132.71 489.45
160.00 489.43
187.14 489.45
214.20 489.48
241.87 489.42
268.96 489.41
296.06 489.45
323.71 489.40
350.83 489.41
377.99 489.42
405.13 489.43
432.78 489.39
459.91 489.42
487.03 489.45
514.15 489.48
541.81 489.43
568.95 489.46
596.08 489.46
623.73 489.42
650.85 489.43
678.03 489.45
705.16 489.45
732.80 489.43
759.91 489.41
787.01 489.44
814.14 489.48
841.72 489.41
868.85 489.42
896.14 489.44
132.64 516.62
160.06 516.58
187.04 516.62
214.27 516.60
241.84 516.53
268.96 516.54
296.05 516.56
323.71 516.51
350.82 516.53
377.99 516.54
405.13 516.56
432.78 516.50
459.91 516.54
487.04 516.55
514.16 516.58
541.81 516.55
568.95 516.57
596.07 516.59
623.73 516.54
650.86 516.57
678.04 516.58
705.16 516.59
732.79 516.53
759.91 516.56
787.00 516.57
814.06 516.58
841.81 516.55
868.77 516.59
896.20 516.60
132.67 544.28
159.97 544.23
187.14 544.23
214.19 544.19
241.83 544.19
268.95 544.21
296.05 544.19
323.70 544.19
350.83 544.17
378.00 544.19
405.12 544.20
432.77 544.18
459.92 544.17
487.04 544.19
514.18 544.19
541.81 544.19
568.95 544.21
596.07 544.23
623.73 544.20
650.86 544.21
678.02 544.21
705.14 544.21
732.79 544.18
759.92 544.21
786.98 544.20
814.12 544.20
841.71 544.21
868.83 544.22
896.16 544.25
159.87 571.38
187.14 571.33
214.19 571.36
241.81 571.31
268.97 571.33
296.04 571.37
323.68 571.32
350.83 571.33
377.99 571.35
405.11 571.36
432.78 571.31
459.91 571.33
487.05 571.33
514.18 571.34
541.83 571.32
568.97 571.35
596.07 571.36
623.74 571.34
650.87 571.34
678.00 571.34
705.16 571.35
732.80 571.33
759.88 571.31
787.00 571.33
814.13 571.35
841.67 571.30
868.93 571.36
159.73 598.43
187.20 598.51
214.15 598.46
241.82 598.42
268.97 598.47
296.04 598.47
323.70 598.47
350.84 598.48
377.96 598.51
405.11 598.50
432.77 598.47
459.91 598.47
487.04 598.50
514.18 598.50
541.85 598.46
568.98 598.48
596.08 598.50
623.75 598.46
650.87 598.49
677.99 598.50
705.15 598.49
732.81 598.41
759.87 598.45
787.02 598.42
814.15 598.42
841.63 598.46
869.06 598.39
159.78 626.08
187.19 626.03
214.18 626.09
241.81 626.08
268.96 626.07
296.06 626.12
323.73 626.09
350.82 626.13
377.96 626.13
405.09 626.13
432.77 626.10
459.90 626.11
487.03 626.10
514.18 626.09
541.84 626.09
568.98 626.10
596.09 626.11
623.76 626.11
650.87 626.10
678.01 626.11
705.13 626.08
732.78 626.08
759.90 626.04
787.02 626.05
814.14 626.08
841.64 626.02
869.05 626.05
159.86 653.32
187.11 653.27
214.27 653.25
241.81 653.20
268.92 653.23
296.11 653.22
323.72 653.24
350.85 653.24
377.95 653.28
405.09 653.27
432.75 653.24
459.90 653.24
487.03 653.24
514.19 653.25
541.84 653.22
568.97 653.24
596.10 653.25
623.75 653.22
650.87 653.23
677.98 653.22
705.12 653.22
732.76 653.18
759.93 653.19
787.04 653.19
814.07 653.23
841.72 653.25
868.98 653.32
187.05 680.46
214.30 680.34
241.82 680.36
268.98 680.35
296.08 680.39
323.76 680.34
350.84 680.39
377.97 680.40
405.07 680.44
432.76 680.38
459.89 680.40
487.04 680.42
514.18 680.44
541.83 680.39
568.96 680.39
596.08 680.39
623.75 680.37
650.85 680.36
677.99 680.38
705.08 680.34
732.77 680.34
759.88 680.33
787.05 680.37
814.06 680.34
841.79 680.43
186.88 707.43
214.32 707.62
241.88 707.45
268.93 707.50
296.10 707.49
323.75 707.46
350.88 707.46
377.98 707.52
405.11 707.53
432.76 707.51
459.90 707.56
487.02 707.57
514.18 707.57
541.84 707.51
568.97 707.54
596.07 707.54
623.72 707.47
650.84 707.48
677.93 707.47
705.10 707.51
732.73 707.43
759.93 707.48
786.98 707.48
814.04 707.67
841.91 707.40
214.24 735.11
241.87 735.18
269.01 735.08
296.09 735.14
323.76 735.12
350.85 735.13
378.01 735.10
405.10 735.14
432.79 735.16
459.87 735.16
487.03 735.16
514.17 735.15
541.81 735.14
568.97 735.16
596.03 735.17
623.73 735.13
650.82 735.11
677.97 735.13
705.06 735.11
732.76 735.12
759.85 735.09
786.97 735.23
814.11 735.16
241.85 762.23
268.94 762.28
296.13 762.23
323.75 762.27
350.88 762.24
378.00 762.30
405.14 762.28
432.77 762.24
459.92 762.25
487.01 762.28
514.18 762.28
541.84 762.26
568.93 762.23
596.06 762.23
623.70 762.25
650.82 762.28
677.94 762.25
705.08 762.31
732.73 762.22
759.93 762.32
786.97 762.26
268.98 789.38
296.02 789.39
323.77 789.35
350.87 789.40
378.03 789.43
405.14 789.43
432.81 789.40
459.92 789.40
487.03 789.41
514.16 789.41
541.83 789.35
568.94 789.38
596.02 789.41
623.71 789.37
650.82 789.42
677.95 789.45
705.08 789.40
732.84 789.38
759.86 789.35
296.11 816.55
323.65 816.42
350.93 816.44
378.01 816.47
405.13 816.55
432.82 816.51
459.90 816.50
487.06 816.52
514.16 816.45
541.82 816.47
568.95 816.49
595.99 816.54
623.71 816.49
650.83 816.46
677.91 816.46
705.23 816.46
732.73 816.48
323.83 844.33
350.81 844.16
377.98 844.10
405.19 844.03
432.74 843.99
459.93 844.08
487.00 844.07
514.16 844.17
541.84 844.07
568.93 844.05
596.08 843.99
623.64 844.02
650.85 844.09
678.05 844.19
705.04 844.33
377.91 871.38
405.15 871.46
432.84 871.46
459.86 871.32
487.00 871.25
514.16 871.17
541.82 871.20
568.95 871.30
595.99 871.46
623.65 871.42
650.91 871.36
486.95 898.57
514.18 898.62
541.83 898.52
