486.51 131.99
513.97 132.04
541.30 131.92
376.62 159.34
404.10 159.38
431.58 159.35
459.07 159.40
486.55 159.35
513.97 159.35
541.34 159.27
568.84 159.29
596.33 159.32
623.88 159.31
651.29 159.31
321.84 186.87
349.20 186.83
376.69 186.82
404.09 186.80
431.61 186.85
459.06 186.82
486.61 186.85
513.94 186.79
541.36 186.70
568.84 186.72
596.35 186.77
623.83 186.73
651.30 186.70
678.78 186.66
706.26 186.65
294.34 214.23
321.82 214.22
349.20 214.21
376.62 214.14
404.08 214.18
431.58 214.19
459.06 214.15
486.54 214.13
513.96 214.15
541.36 214.13
568.89 214.12
596.35 214.10
623.85 214.10
651.27 214.08
678.79 213.99
706.28 214.04
733.73 214.02
266.94 241.82
294.39 241.76
321.89 241.73
349.22 241.71
376.68 241.68
404.12 241.69
431.65 241.71
459.12 241.75
486.60 241.67
514.01 241.62
541.35 241.63
568.87 241.63
596.39 241.63
623.85 241.57
651.32 241.55
678.78 241.51
706.28 241.53
733.69 241.51
761.18 241.50
239.45 269.17
266.92 269.12
294.42 269.10
321.92 269.09
349.25 269.10
376.72 269.05
404.15 269.06
431.67 269.09
459.12 269.07
486.59 269.06
514.08 269.04
541.37 269.02
568.92 269.01
596.36 269.00
623.90 268.99
651.31 268.98
678.79 268.92
706.24 268.89
733.73 268.88
761.18 268.87
788.60 268.87
211.95 296.67
239.49 296.69
266.93 296.68
294.44 296.63
321.90 296.61
349.24 296.57
376.73 296.55
404.19 296.58
431.66 296.54
459.14 296.55
486.60 296.51
514.04 296.50
541.39 296.42
568.89 296.51
596.44 296.48
623.87 296.42
651.32 296.43
678.84 296.41
706.30 296.43
733.80 296.36
761.22 296.39
788.60 296.35
815.99 296.34
184.58 324.18
211.85 324.20
239.49 324.22
266.93 324.21
294.36 324.13
321.90 324.10
349.25 324.13
376.68 324.09
404.17 324.08
431.65 324.09
459.11 324.05
486.61 324.07
514.01 324.04
541.42 324.06
568.92 324.04
596.33 324.00
623.87 324.05
651.35 323.98
678.85 324.02
706.27 324.03
733.81 323.87
761.18 324.01
788.61 324.02
816.08 323.88
843.53 323.87
184.55 351.64
211.97 351.63
239.51 351.64
266.96 351.63
294.43 351.54
321.91 351.57
349.28 351.55
376.73 351.49
404.21 351.49
431.66 351.51
459.10 351.51
486.65 351.44
514.10 351.43
541.42 351.41
568.97 351.37
596.42 351.40
623.94 351.36
651.35 351.38
678.85 351.36
706.33 351.35
733.82 351.33
761.21 351.31
788.62 351.26
816.12 351.29
843.59 351.27
157.25 379.18
184.64 379.08
211.98 379.10
239.48 379.07
267.02 379.12
294.43 379.07
321.95 379.06
349.27 379.02
376.74 378.97
404.20 379.03
431.69 379.04
459.19 378.97
486.67 378.99
514.17 378.99
541.46 378.96
568.97 378.94
596.45 378.95
623.94 378.88
651.43 378.82
678.86 378.85
706.37 378.86
733.82 378.86
761.24 378.84
788.70 378.79
816.12 378.77
843.67 378.82
871.07 378.75
157.21 406.67
184.65 406.67
211.99 406.57
239.56 406.62
267.02 406.57
294.44 406.54
321.97 406.50
349.30 406.49
376.79 406.52
404.22 406.51
431.70 406.45
459.24 406.43
486.66 406.44
514.10 406.42
541.47 406.38
568.99 406.35
596.44 406.35
624.00 406.36
651.41 406.33
678.86 406.31
706.36 406.33
733.79 406.32
761.24 406.31
788.67 406.25
816.09 406.24
843.62 406.23
871.05 406.21
157.28 434.14
184.68 434.07
212.00 434.04
239.56 434.03
267.01 434.05
294.47 433.99
321.94 434.01
349.36 433.99
376.83 433.92
404.24 433.93
431.75 433.96
459.22 433.97
486.72 433.91
514.12 433.90
541.49 433.90
569.04 433.89
596.47 433.90
623.99 433.82
651.42 433.82
678.95 433.79
706.37 433.82
733.82 433.81
761.26 433.80
788.69 433.73
816.09 433.71
843.69 433.73
871.10 433.68
157.26 461.53
184.67 461.50
212.01 461.48
239.57 461.50
267.03 461.50
294.51 461.49
321.94 461.43
349.33 461.40
376.85 461.39
404.21 461.38
431.75 461.42
459.24 461.35
486.71 461.36
514.20 461.35
541.57 461.29
569.04 461.29
596.50 461.29
623.98 461.29
651.43 461.27
678.92 461.27
706.36 461.25
733.91 461.24
761.30 461.19
788.72 461.16
816.15 461.17
843.68 461.16
871.09 461.13
130.03 488.95
157.31 488.95
184.70 488.91
212.04 488.90
239.50 488.86
267.04 488.89
294.49 488.85
322.02 488.86
349.34 488.84
376.84 488.82
404.27 488.78
431.74 488.80
459.25 488.80
486.72 488.76
514.13 488.74
541.52 488.77
569.04 488.71
596.49 488.74
624.01 488.70
651.45 488.65
678.89 488.64
706.43 488.64
733.85 488.65
761.32 488.62
788.71 488.56
816.13 488.55
843.70 488.59
871.10 488.53
898.53 488.51
129.90 516.36
157.37 516.37
184.64 516.36
212.04 516.36
239.59 516.34
267.07 516.32
294.52 516.29
322.01 516.29
349.36 516.29
376.90 516.29
404.34 516.28
431.76 516.26
459.29 516.23
486.74 516.18
514.16 516.21
541.53 516.18
569.08 516.19
596.51 516.14
624.02 516.10
651.47 516.09
678.95 516.09
706.40 516.09
733.88 516.08
761.26 516.05
788.73 516.04
816.14 516.01
843.69 515.98
871.13 516.00
898.56 515.96
130.02 543.81
157.33 543.86
184.71 543.80
212.08 543.82
239.61 543.78
267.08 543.78
294.52 543.75
322.03 543.76
349.41 543.69
376.83 543.69
404.30 543.68
431.76 543.65
459.29 543.66
486.77 543.60
514.21 543.57
541.54 543.58
569.07 543.59
596.53 543.56
624.05 543.56
651.48 543.53
678.99 543.55
706.41 543.53
733.92 543.54
761.33 543.49
788.70 543.49
816.14 543.44
843.74 543.41
871.17 543.43
898.58 543.42
157.28 571.38
184.68 571.35
212.12 571.34
239.59 571.37
267.07 571.33
294.54 571.29
322.02 571.28
349.41 571.29
376.85 571.28
404.32 571.26
431.78 571.30
459.29 571.27
486.75 571.23
514.24 571.24
541.59 571.21
569.11 571.18
596.51 571.17
624.12 571.15
651.51 571.12
678.98 571.12
706.46 571.12
733.94 571.09
761.34 571.12
788.76 571.04
816.19 571.02
843.77 571.06
871.19 571.00
157.29 598.73
184.69 598.76
212.10 598.73
239.64 598.69
267.12 598.71
294.55 598.67
322.05 598.69
349.37 598.67
376.88 598.64
404.32 598.59
431.82 598.63
459.29 598.58
486.80 598.55
514.29 598.51
541.59 598.54
569.10 598.56
596.53 598.51
624.11 598.51
651.53 598.54
679.00 598.49
706.46 598.46
733.96 598.47
761.38 598.49
788.78 598.41
816.19 598.39
843.75 598.37
871.17 598.38
157.35 626.43
184.98 626.59
212.12 626.37
239.67 626.37
267.09 626.36
294.60 626.35
322.12 626.30
349.44 626.29
376.90 626.27
404.43 626.27
431.81 626.23
459.34 626.24
486.81 626.29
514.20 626.23
541.61 626.21
569.14 626.18
596.54 626.21
624.13 626.13
651.52 626.24
679.07 626.20
706.20 625.50
733.96 626.11
761.39 626.07
788.78 626.03
816.20 626.03
843.81 626.05
871.14 626.00
157.35 653.83
184.84 653.66
212.15 653.71
239.68 653.74
267.13 653.72
294.58 653.72
322.10 653.70
349.48 653.70
376.97 653.68
404.39 653.66
431.89 653.62
459.37 653.64
486.84 653.62
514.23 653.61
541.64 653.60
569.17 653.54
596.61 653.57
624.11 653.54
651.54 653.53
679.05 653.46
706.47 653.46
733.93 653.48
761.39 653.44
788.82 653.43
816.19 653.41
843.79 653.40
871.22 653.42
184.71 681.23
212.10 681.20
239.63 681.20
267.12 681.18
294.60 681.17
322.11 681.15
349.54 681.20
376.92 681.13
404.39 681.11
431.85 681.07
459.40 681.06
486.79 681.05
514.23 681.14
541.69 681.02
569.19 680.98
596.63 681.01
624.17 680.98
651.58 680.96
679.08 680.98
706.49 680.93
733.96 680.94
761.44 680.91
788.82 680.91
816.24 680.85
843.87 680.84
184.78 708.61
212.19 708.67
239.66 708.59
267.13 708.60
294.61 708.63
322.11 708.57
349.43 708.60
377.02 708.57
404.41 708.57
431.86 708.55
459.39 708.48
486.82 708.48
514.30 708.47
541.71 708.46
569.20 708.47
596.62 708.39
624.18 708.43
651.71 708.47
679.08 708.39
706.48 708.38
734.00 708.41
761.40 708.37
788.84 708.30
816.22 708.28
843.80 708.25
212.17 736.12
239.68 736.06
267.17 736.07
294.64 736.06
322.11 736.07
349.53 736.01
377.00 736.01
404.42 735.97
431.91 735.93
459.42 735.92
486.82 735.90
514.29 735.88
541.68 735.90
569.21 735.87
596.62 735.82
624.18 735.83
651.64 735.79
679.11 735.79
706.66 735.83
734.04 735.77
761.42 735.75
788.82 735.74
816.30 735.72
239.69 763.51
267.19 763.51
294.67 763.49
322.14 763.47
349.50 763.44
376.99 763.45
404.46 763.40
431.91 763.36
459.39 763.37
486.86 763.38
514.37 763.34
541.68 763.34
569.21 763.34
596.64 763.33
624.18 763.28
651.57 763.31
679.10 763.30
706.58 763.21
734.04 763.26
761.47 763.23
788.89 763.23
267.19 790.93
294.68 790.94
322.13 790.93
349.58 790.87
377.00 790.90
404.44 790.87
431.97 790.85
459.41 790.85
486.85 790.80
514.38 790.77
541.72 790.77
569.25 790.74
596.67 790.72
624.19 790.72
651.67 790.71
679.14 790.73
706.58 790.74
734.04 790.72
761.41 790.69
294.65 818.42
322.13 818.37
349.55 818.37
377.01 818.34
404.48 818.31
431.88 818.26
459.48 818.28
486.91 818.28
514.35 818.25
541.75 818.26
569.24 818.22
596.69 818.15
624.20 818.21
651.70 818.21
679.13 818.19
706.60 818.14
734.11 818.20
322.21 845.82
349.56 845.86
377.05 845.84
404.48 845.80
431.95 845.84
459.48 845.77
486.95 845.77
514.44 845.68
541.69 845.73
569.28 845.75
596.67 845.68
624.23 845.67
651.66 845.70
679.12 845.71
706.57 845.67
377.05 873.38
404.49 873.34
431.94 873.36
459.50 873.29
486.93 873.34
514.39 873.28
541.72 873.30
569.30 873.29
596.77 873.42
624.22 873.21
651.67 873.20
486.99 900.80
514.42 900.77
541.76 900.70
