495.55 38.37
540.75 38.12
359.82 83.98
405.17 84.10
450.38 83.72
495.50 84.22
540.94 84.06
586.38 84.13
632.17 84.62
677.98 84.80
268.65 129.71
313.97 129.84
359.58 129.60
404.88 129.49
450.11 129.49
495.49 129.84
541.21 130.07
586.37 130.06
632.24 129.80
678.39 130.26
723.44 130.72
768.13 130.46
223.24 174.75
268.64 174.70
313.93 174.60
359.27 174.60
404.78 175.17
450.15 175.17
495.83 175.22
540.86 175.11
586.30 175.22
632.37 175.65
678.41 175.09
723.17 174.87
768.03 175.11
813.39 175.35
177.73 219.55
223.07 219.73
268.77 220.14
313.77 219.93
359.34 220.05
404.91 220.25
450.17 220.06
495.49 220.16
540.71 220.37
586.39 220.52
632.24 220.40
677.85 220.13
723.30 219.94
768.45 220.00
813.52 220.36
858.58 220.98
178.00 265.92
223.19 265.66
268.20 265.69
313.45 265.17
359.36 265.34
404.92 265.55
450.54 265.74
495.42 265.64
540.77 265.70
586.36 265.69
632.29 265.46
677.52 265.54
723.35 266.23
768.76 266.12
813.61 266.34
858.55 266.70
131.95 311.69
178.08 312.02
222.96 311.82
267.71 311.46
313.54 311.36
359.36 310.78
404.65 310.92
450.12 310.58
495.54 311.18
540.55 311.34
586.14 311.01
632.25 310.93
677.75 311.47
723.31 312.02
768.80 311.66
814.01 312.02
858.75 312.16
904.74 312.69
132.16 356.64
178.03 356.96
222.87 356.90
267.53 356.89
313.18 356.23
358.95 356.48
404.53 356.08
450.44 356.51
495.66 356.63
540.57 356.54
585.75 356.67
632.40 356.60
678.26 357.05
723.32 357.09
768.48 357.16
813.88 357.21
859.24 357.55
905.01 357.52
131.44 402.15
177.86 401.91
223.00 401.93
267.48 402.46
312.98 402.17
358.94 401.84
404.46 402.09
450.40 402.16
495.76 402.30
540.59 402.60
585.63 402.74
632.48 403.11
678.24 402.56
723.31 402.46
768.86 402.72
813.70 402.88
859.40 402.57
905.06 402.04
83.40 447.40
131.30 446.74
177.86 446.96
223.13 447.41
267.29 447.49
312.90 447.01
358.77 447.58
404.61 447.04
450.55 447.21
496.18 447.90
540.85 447.83
585.89 447.87
632.19 447.90
677.98 448.07
723.24 447.95
768.85 447.95
813.68 447.97
859.12 447.94
905.00 447.48
952.15 447.69
82.98 493.28
130.92 493.18
177.48 492.60
222.80 492.30
267.79 492.93
312.87 493.18
358.40 493.28
404.23 493.00
451.06 492.91
496.32 493.23
540.85 493.39
585.98 493.56
631.91 493.23
678.02 492.97
723.27 493.43
768.37 492.75
813.65 493.00
858.94 493.29
905.32 493.37
952.26 493.65
130.20 538.03
177.14 538.03
222.97 537.67
268.50 538.48
313.21 538.62
357.87 538.48
403.72 538.28
450.95 537.75
496.22 538.69
540.66 539.04
585.70 538.42
631.91 537.97
677.65 538.43
723.02 538.60
768.11 538.31
813.47 538.56
858.84 538.62
905.47 538.26
129.69 584.86
176.89 584.07
222.79 583.59
268.88 583.47
313.34 583.52
357.92 583.69
403.34 584.34
450.80 584.02
496.07 583.22
540.50 582.74
585.87 583.71
632.18 583.95
677.83 584.14
722.81 583.96
767.98 583.98
813.49 584.27
859.04 584.37
905.56 584.92
129.10 630.23
176.19 629.64
222.58 628.87
268.55 628.48
313.57 628.71
358.58 629.34
403.77 630.51
449.49 629.83
494.84 628.23
541.04 627.88
586.68 628.97
632.41 629.64
678.14 629.81
723.03 629.48
768.14 629.78
813.78 630.07
859.24 630.03
905.55 629.90
175.28 674.74
222.04 674.02
268.17 674.22
313.43 674.04
359.28 674.08
404.20 675.08
448.51 674.63
494.09 675.04
541.58 675.07
587.23 675.23
632.35 674.92
677.57 675.05
722.82 674.72
768.44 674.72
814.02 674.70
859.45 675.27
174.53 719.99
221.60 719.67
268.56 719.53
313.86 719.86
359.03 719.88
403.98 720.06
448.86 720.32
495.11 721.16
540.96 721.27
586.91 720.99
631.86 720.68
677.20 720.36
722.26 720.13
768.04 719.69
814.06 719.52
860.49 720.66
221.22 765.69
268.68 765.54
313.96 765.21
359.01 764.96
404.23 765.06
449.29 765.39
495.49 765.48
540.58 766.04
586.58 766.12
631.62 765.68
676.58 765.25
722.18 765.37
767.63 765.71
814.27 765.82
267.71 811.59
313.22 810.46
358.62 810.28
404.16 810.52
449.32 810.24
495.29 810.21
540.96 810.36
586.21 810.97
631.47 810.77
676.52 810.39
722.58 811.08
768.39 811.89
358.23 857.05
403.51 856.72
449.23 856.56
495.02 856.10
541.09 856.42
586.19 856.63
631.33 856.80
676.39 857.07
495.06 903.53
540.88 903.03
