493.21 136.48
515.45 137.10
543.32 136.74
379.07 161.80
409.76 163.51
435.80 162.90
461.40 167.24
492.98 162.54
514.91 163.05
543.76 164.27
572.39 162.63
599.30 164.73
624.49 161.95
653.36 161.09
326.99 186.59
354.28 186.39
381.53 187.05
408.10 187.39
436.54 187.32
460.52 189.46
492.06 187.78
514.99 187.38
543.03 187.36
571.99 185.82
597.18 187.80
621.76 186.35
649.59 185.16
681.89 183.97
704.34 185.98
301.60 211.30
328.46 210.52
355.28 210.90
381.23 212.24
409.88 210.61
436.57 211.16
461.41 211.30
492.81 210.95
514.48 211.22
542.07 211.24
571.08 211.34
596.13 211.15
624.00 210.55
651.09 210.77
681.68 208.48
704.11 214.02
731.77 209.22
273.70 240.81
300.22 240.65
326.78 240.47
356.34 240.98
381.51 241.10
408.08 241.50
435.77 239.86
459.51 240.93
492.67 238.47
514.29 243.09
542.16 240.83
570.93 242.73
598.70 241.46
623.61 241.03
653.96 240.82
682.30 240.79
704.35 242.01
733.06 241.29
757.37 241.95
246.50 267.54
273.88 268.31
300.56 267.66
327.36 268.98
357.01 267.32
379.54 267.83
408.78 267.58
436.13 267.04
462.00 265.60
493.40 265.86
515.24 270.00
542.44 265.62
571.11 267.21
598.55 264.79
624.16 265.05
653.39 265.33
682.42 266.39
704.28 270.04
730.34 266.82
754.74 268.16
783.71 265.28
217.54 302.40
247.40 300.78
274.44 301.74
301.50 299.76
326.89 300.12
356.14 298.26
380.54 301.23
409.90 299.83
436.07 300.25
459.83 303.07
494.65 298.48
515.84 299.12
541.74 301.08
571.28 298.87
596.96 298.45
623.62 298.16
650.27 298.26
682.11 298.25
704.89 297.04
731.11 297.77
754.91 298.60
783.30 297.81
808.32 299.50
190.63 328.93
216.47 326.79
246.52 327.30
272.07 326.38
300.04 324.12
327.45 323.82
355.62 325.11
378.52 325.01
409.18 323.23
436.72 323.39
460.51 325.51
492.40 323.36
514.91 324.99
543.05 324.43
571.00 324.34
598.74 323.77
623.92 324.80
650.02 323.69
682.33 323.93
704.42 323.94
732.83 323.70
756.85 324.99
785.45 323.39
810.44 324.01
837.14 322.43
188.08 352.48
217.06 350.45
246.17 351.38
273.11 350.46
301.02 349.62
327.66 352.12
354.21 349.38
378.51 349.98
410.71 349.13
436.07 350.79
460.99 349.06
490.82 349.30
514.14 348.64
543.04 349.32
571.27 349.31
598.53 348.79
623.95 348.54
654.02 347.85
678.94 348.15
701.96 348.37
733.08 348.35
756.42 348.05
785.13 347.65
809.94 348.92
835.74 346.56
162.90 376.77
190.14 375.42
217.48 376.60
246.81 376.44
272.45 375.45
299.55 375.21
326.96 374.86
355.75 374.56
380.45 374.81
409.03 374.95
435.59 375.86
461.42 374.19
491.28 374.16
514.48 375.83
542.25 373.81
571.82 374.23
597.86 375.49
622.45 375.82
652.96 374.65
682.10 374.27
704.86 374.82
734.57 374.01
758.29 377.91
784.85 372.71
809.35 374.83
834.78 372.11
861.63 373.65
162.20 402.15
189.61 401.43
215.36 401.40
245.74 401.10
272.81 400.35
299.64 401.12
324.94 399.62
354.43 399.72
379.13 401.03
408.39 400.03
435.63 400.39
460.97 401.23
491.85 400.18
514.00 401.85
542.97 399.79
571.34 401.58
598.07 400.69
622.40 400.81
650.01 399.86
680.84 398.44
703.96 399.84
732.51 398.21
756.91 401.70
785.52 399.93
809.72 398.65
835.74 398.42
863.15 398.49
162.32 428.94
190.48 428.66
216.77 428.20
246.15 428.76
272.16 429.64
298.99 428.80
325.86 428.66
356.00 428.97
381.96 428.00
410.01 427.72
435.58 429.10
460.15 427.24
492.45 427.96
514.50 429.88
542.21 428.59
570.70 428.00
598.02 426.31
621.46 424.82
652.07 426.68
680.62 424.57
703.73 431.85
730.21 426.57
754.04 426.07
785.87 426.49
811.37 428.86
833.60 427.27
862.56 425.17
162.68 454.35
188.88 452.84
216.64 452.58
247.03 454.05
271.12 455.97
298.20 454.88
325.10 455.02
355.38 452.90
379.05 453.74
407.84 451.68
435.60 452.87
461.10 452.83
491.31 453.88
514.16 457.63
542.00 454.88
570.95 453.81
598.73 450.04
622.42 451.71
650.96 453.88
679.92 450.18
703.45 455.67
730.18 450.89
755.39 454.61
783.92 449.74
810.63 450.30
836.37 453.79
860.68 449.39
137.12 485.50
163.07 485.67
192.25 485.17
217.10 486.62
246.68 486.46
272.84 485.30
299.61 483.80
327.65 485.57
354.24 485.52
378.82 487.42
410.13 485.34
435.63 486.79
462.19 485.09
493.81 485.47
514.90 487.03
541.99 485.32
570.59 484.80
598.94 485.70
624.31 484.83
652.30 483.43
681.41 485.01
703.83 486.95
731.78 480.34
758.23 481.29
785.03 482.20
810.18 484.61
836.37 483.79
861.98 482.47
888.21 481.96
136.38 512.47
162.71 511.76
189.06 511.83
216.06 511.27
245.20 511.15
272.55 509.22
299.00 511.18
325.50 511.14
354.70 510.08
378.48 512.86
407.91 508.42
435.45 510.03
463.07 510.48
494.20 509.98
514.77 513.97
541.68 509.94
571.06 510.93
598.05 511.57
623.82 509.84
650.05 508.63
678.07 510.08
702.45 510.89
733.15 511.89
757.33 510.84
784.82 511.31
809.66 509.56
835.50 508.76
862.18 509.85
889.60 508.99
137.01 548.04
161.22 548.98
189.42 547.47
216.35 545.77
244.58 545.70
272.94 545.93
299.47 545.61
324.36 546.75
354.38 546.10
379.52 544.91
408.16 544.10
435.45 545.27
463.14 544.84
492.90 542.76
514.36 545.14
541.99 543.95
571.08 545.68
596.53 545.50
624.19 543.08
653.62 544.52
678.76 548.65
701.02 549.39
731.45 545.66
756.38 543.99
783.85 543.93
811.35 545.88
836.40 546.15
864.96 545.87
890.82 545.09
160.32 576.26
188.51 577.74
216.48 574.69
245.55 575.87
270.51 574.97
300.03 576.23
326.86 576.29
353.25 576.66
378.40 575.55
408.00 572.82
436.57 573.59
462.84 574.31
490.64 574.81
513.44 574.08
543.42 573.85
570.70 575.01
596.81 574.32
620.63 572.94
653.32 574.44
680.20 573.70
703.85 572.05
730.16 573.99
755.36 573.71
785.60 573.82
810.53 573.77
836.07 573.83
862.93 574.31
160.04 599.05
186.93 599.04
216.17 597.64
245.20 599.06
273.27 600.61
298.16 599.59
325.02 599.85
353.23 599.59
378.08 598.61
407.52 599.06
435.50 599.79
459.46 598.47
491.26 598.61
515.00 598.53
541.90 598.81
570.12 598.60
598.13 597.54
621.93 599.16
653.04 602.38
679.62 599.16
702.93 598.04
731.30 598.70
756.43 597.58
787.02 596.94
809.93 599.43
835.87 598.71
859.65 599.75
160.93 626.41
188.86 626.69
215.68 625.79
244.92 626.40
271.39 626.83
298.84 626.55
325.22 627.10
356.78 627.14
379.03 625.97
408.44 627.13
436.00 626.11
462.49 625.83
491.70 625.57
514.93 625.97
542.60 626.50
570.99 626.93
597.45 627.08
624.16 625.61
652.65 625.03
680.30 624.29
704.43 625.92
730.20 624.24
755.38 625.71
784.32 622.68
809.48 623.42
835.81 624.48
861.29 622.94
160.49 656.72
190.06 655.00
214.51 655.10
245.03 656.54
272.09 654.44
298.58 654.58
327.25 654.75
352.95 652.64
379.40 653.23
407.65 652.52
435.48 653.04
460.07 652.65
491.50 652.85
514.43 653.02
541.69 652.28
570.77 652.72
598.11 651.65
624.09 651.60
650.43 652.90
680.36 653.37
702.83 654.07
731.33 651.82
756.34 650.88
784.22 651.62
810.18 651.19
837.24 649.15
865.39 649.21
188.26 679.63
216.18 679.62
244.72 681.44
272.68 679.95
299.50 679.88
324.28 678.19
355.25 678.96
381.23 679.64
408.28 679.25
436.34 679.48
460.47 679.97
491.30 679.66
513.90 681.00
541.79 680.46
570.50 679.84
596.94 678.55
622.29 681.24
651.22 678.87
679.09 676.78
702.84 679.09
728.44 679.48
754.65 680.25
783.99 680.66
811.06 681.02
835.40 678.43
187.91 703.22
215.15 704.21
244.26 705.30
271.69 703.19
298.13 703.78
324.08 703.28
353.33 703.44
378.21 702.96
407.19 704.28
435.15 703.27
459.77 703.53
490.84 703.68
513.46 705.29
541.92 705.28
570.21 703.87
596.37 703.34
622.94 704.78
650.97 703.19
678.10 703.04
701.90 703.40
730.00 703.86
757.74 705.11
786.78 704.29
812.91 705.22
837.34 703.36
215.57 733.32
245.49 734.05
271.85 735.24
298.67 735.68
326.55 733.93
351.17 733.92
378.99 734.73
408.26 731.90
435.66 732.10
459.41 736.25
492.88 734.52
514.43 734.96
539.18 734.43
570.47 735.21
595.56 733.23
623.45 735.72
652.88 734.64
676.90 732.26
701.32 737.01
732.29 732.20
756.84 735.99
784.79 733.98
809.60 733.92
245.40 760.99
270.80 761.88
298.61 760.46
323.78 760.98
354.94 759.44
378.46 762.03
408.28 759.08
434.51 760.86
461.02 761.39
492.78 758.74
514.43 759.91
539.97 759.42
570.01 760.25
595.42 759.42
624.08 760.39
648.82 759.69
678.75 758.85
703.44 761.38
730.02 758.76
757.48 759.94
785.88 759.38
271.46 794.24
298.78 793.71
324.36 794.87
353.89 793.98
379.00 794.09
407.73 794.32
434.50 792.70
461.17 793.79
492.60 793.95
514.13 789.91
542.35 792.82
570.65 794.13
595.69 794.20
623.26 791.37
650.62 791.53
678.06 791.05
701.93 791.13
730.83 795.09
756.36 790.98
298.20 817.65
324.05 818.81
356.35 819.10
378.99 818.14
407.19 818.64
435.43 819.09
460.04 818.50
489.20 817.48
512.95 816.15
540.22 817.62
569.79 818.68
595.00 817.11
621.63 818.20
649.39 818.78
678.46 818.71
703.00 819.37
730.74 818.06
323.34 844.50
351.32 844.31
378.30 842.78
406.78 844.84
436.00 843.87
461.28 844.02
492.73 842.51
514.36 844.09
540.91 843.27
570.51 843.65
595.88 843.33
620.55 842.91
649.98 842.35
678.98 842.35
703.37 843.94
378.43 871.00
407.11 869.28
434.23 868.64
460.36 868.10
491.28 867.90
513.41 868.31
540.54 869.92
569.71 868.65
595.33 867.90
623.34 868.31
650.57 867.80
490.06 891.91
512.82 895.93
540.93 894.22
