443.96 334.77
471.00 334.80
498.19 334.78
525.83 334.77
553.03 334.79
580.09 334.77
416.80 362.03
443.80 362.13
471.05 362.22
498.14 362.20
525.87 362.21
552.94 362.19
580.22 362.13
607.23 362.05
389.23 389.24
416.77 389.18
443.94 389.27
471.01 389.19
498.21 389.19
525.79 389.19
552.99 389.18
580.06 389.28
607.27 389.24
634.77 389.25
362.06 416.79
389.21 416.74
416.87 416.87
443.93 416.81
471.09 416.81
498.13 416.78
525.85 416.81
552.93 416.82
580.09 416.81
607.17 416.85
634.81 416.77
661.96 416.77
334.78 443.94
362.15 443.80
389.28 443.94
416.80 443.93
444.00 443.99
471.04 443.97
498.21 443.97
525.81 443.95
552.95 443.97
580.01 443.99
607.22 443.92
634.75 443.96
661.89 443.81
689.21 443.92
334.84 470.98
362.21 471.06
389.18 470.96
416.84 471.09
443.94 471.07
471.10 471.08
498.21 471.09
525.83 471.08
552.89 471.09
580.04 471.05
607.17 471.09
634.83 470.99
661.83 471.06
689.24 471.00
334.75 498.20
362.16 498.15
389.21 498.18
416.81 498.13
443.98 498.23
471.09 498.18
498.18 498.20
525.84 498.17
552.91 498.17
580.03 498.17
607.23 498.15
634.81 498.22
661.78 498.17
689.22 498.20
334.75 525.81
362.21 525.87
389.19 525.76
416.81 525.85
443.99 525.76
471.10 525.78
498.18 525.79
525.84 525.82
552.90 525.81
580.02 525.79
607.22 525.84
634.82 525.83
661.81 525.83
689.23 525.83
334.75 552.98
362.19 552.96
389.19 552.98
416.83 552.92
443.97 552.91
471.11 552.88
498.17 552.92
525.84 552.92
552.90 552.89
580.05 552.95
607.15 552.93
634.82 553.00
661.77 552.95
689.20 553.03
334.74 580.08
362.13 580.19
389.29 580.08
416.84 580.10
444.01 580.04
471.05 580.04
498.25 580.03
525.81 580.00
552.94 580.06
579.99 580.02
607.22 580.08
634.72 580.06
661.83 580.21
689.19 580.04
362.04 607.22
389.21 607.25
416.88 607.10
443.93 607.18
471.09 607.17
498.15 607.27
525.83 607.19
552.92 607.16
580.08 607.18
607.14 607.15
634.81 607.23
661.97 607.24
389.23 634.79
416.77 634.83
443.95 634.73
471.00 634.81
498.26 634.80
525.82 634.81
553.01 634.83
580.08 634.71
607.25 634.77
634.74 634.74
416.77 661.94
443.80 661.89
471.07 661.79
498.16 661.78
525.84 661.80
552.96 661.75
580.23 661.84
607.21 661.93
443.92 689.25
471.00 689.24
498.19 689.24
525.84 689.23
553.01 689.18
580.06 689.21
