495.53 38.39
540.75 38.15
359.82 83.95
405.15 84.08
450.39 83.77
495.51 84.25
540.99 84.10
586.36 84.10
632.17 84.63
678.00 84.80
268.68 129.63
313.97 129.75
359.55 129.55
404.86 129.49
450.12 129.46
495.44 129.82
541.21 130.06
586.37 130.02
632.20 129.77
678.39 130.21
723.44 130.73
768.17 130.40
223.28 174.78
268.68 174.71
313.97 174.55
359.30 174.54
404.76 175.13
450.19 175.17
495.79 175.20
540.82 175.12
586.27 175.20
632.32 175.59
678.41 175.08
723.17 174.85
768.05 175.10
813.40 175.37
177.72 219.56
223.08 219.77
268.76 220.13
313.77 219.92
359.36 220.03
404.87 220.22
450.21 220.02
495.50 220.13
540.74 220.38
586.37 220.47
632.23 220.39
677.86 220.12
723.28 219.89
768.43 220.01
813.50 220.37
858.59 220.97
178.01 265.93
223.21 265.70
268.16 265.77
313.43 265.17
359.41 265.39
404.89 265.54
450.54 265.71
495.41 265.63
540.75 265.67
586.39 265.70
632.31 265.52
677.53 265.56
723.42 266.22
768.81 266.12
813.64 266.36
858.56 266.69
132.00 311.66
178.09 312.02
222.97 311.79
267.71 311.43
313.55 311.38
359.38 310.78
404.67 310.91
450.13 310.56
495.52 311.16
540.56 311.34
586.14 311.06
632.24 310.95
677.73 311.45
723.34 312.02
768.81 311.64
814.06 312.07
858.71 312.07
904.70 312.62
132.12 356.60
178.00 356.95
222.88 356.88
267.58 356.92
313.17 356.24
358.96 356.50
404.57 356.10
450.48 356.49
495.63 356.60
540.52 356.56
585.79 356.67
632.42 356.62
678.26 357.09
723.33 357.08
768.51 357.15
813.88 357.23
859.20 357.56
905.01 357.53
131.45 402.15
177.85 401.91
223.03 401.91
267.50 402.43
313.02 402.16
358.94 401.84
404.45 402.10
450.43 402.16
495.73 402.27
540.54 402.56
585.69 402.75
632.48 403.07
678.22 402.56
723.29 402.44
768.91 402.67
813.70 402.82
859.31 402.56
905.09 402.10
83.43 447.37
131.32 446.75
177.86 446.95
223.11 447.39
267.31 447.48
312.92 447.00
358.75 447.59
404.63 447.02
450.54 447.21
496.13 447.88
540.86 447.81
585.95 447.87
632.21 447.85
677.92 448.06
723.20 447.98
768.88 447.95
813.68 447.92
859.12 447.92
905.01 447.50
952.15 447.68
83.02 493.27
130.92 493.19
177.48 492.62
222.79 492.29
267.77 492.93
312.88 493.17
358.37 493.30
404.26 493.00
451.05 492.90
496.30 493.21
540.85 493.39
586.01 493.53
631.88 493.17
678.03 493.00
723.28 493.51
768.38 492.79
813.65 493.03
858.96 493.33
905.35 493.33
952.28 493.67
130.26 538.06
177.15 538.06
222.95 537.66
268.51 538.45
313.23 538.58
357.89 538.48
403.74 538.29
450.93 537.75
496.21 538.64
540.65 539.03
585.71 538.40
631.90 537.93
677.61 538.44
722.93 538.57
768.08 538.31
813.47 538.59
858.89 538.63
905.43 538.23
129.77 584.87
176.91 584.11
222.79 583.58
268.87 583.44
313.35 583.56
357.97 583.70
403.40 584.37
450.78 584.01
496.05 583.21
540.54 582.80
585.90 583.70
632.15 583.97
677.82 584.09
722.80 583.95
768.00 583.97
813.49 584.27
859.02 584.32
905.52 584.87
129.12 630.17
176.23 629.67
222.56 628.92
268.55 628.49
313.55 628.71
358.61 629.35
403.79 630.50
449.49 629.84
494.86 628.27
541.05 627.91
586.68 628.99
632.39 629.63
678.11 629.82
723.05 629.49
768.15 629.78
813.78 630.06
859.25 630.02
905.55 629.87
175.32 674.74
222.07 674.00
268.18 674.22
313.43 674.01
359.31 674.05
404.19 675.06
448.55 674.63
494.13 675.07
541.52 675.08
587.17 675.23
632.30 674.92
677.56 675.06
722.81 674.71
768.41 674.69
814.03 674.70
859.42 675.26
174.57 719.97
221.59 719.70
268.58 719.52
313.88 719.87
359.04 719.91
403.98 720.03
448.93 720.30
495.10 721.14
540.92 721.23
586.93 720.93
631.86 720.68
677.23 720.37
722.24 720.18
768.02 719.72
814.03 719.58
860.48 720.65
221.20 765.69
268.70 765.53
313.98 765.21
359.04 764.95
404.27 765.08
449.29 765.39
495.44 765.48
540.58 766.04
586.60 766.10
631.66 765.68
676.62 765.26
722.15 765.41
767.61 765.70
814.24 765.85
267.73 811.61
313.26 810.51
358.67 810.33
404.17 810.56
449.32 810.27
495.33 810.26
541.01 810.39
586.19 811.01
631.48 810.77
676.58 810.40
722.57 811.10
768.36 811.88
358.29 856.99
403.58 856.71
449.23 856.64
495.06 856.15
541.07 856.45
586.13 856.65
631.34 856.80
676.44 857.03
495.06 903.47
540.83 902.99
