495.20 40.07
541.06 40.07
359.64 86.69
404.87 87.03
450.49 86.90
495.40 87.37
540.80 87.38
586.13 86.97
632.11 87.68
677.33 87.62
268.61 132.05
313.66 132.26
359.40 132.59
405.15 133.01
450.34 133.07
495.64 133.13
541.00 133.55
586.32 132.99
631.84 133.30
677.54 133.72
723.08 133.64
768.33 133.23
223.38 177.52
268.82 177.52
314.12 177.34
359.24 177.67
404.70 177.87
450.24 177.99
496.08 177.69
540.63 177.42
586.22 177.64
632.11 178.20
677.56 178.59
722.87 178.29
768.23 178.38
813.49 178.12
177.81 222.58
223.22 223.10
268.82 223.22
313.71 222.66
359.39 222.82
404.43 222.69
450.02 222.22
495.61 222.07
540.76 222.24
586.73 222.50
632.46 223.07
677.13 222.92
723.12 222.80
768.52 223.30
813.87 223.57
859.29 223.74
178.06 268.50
223.08 267.89
268.31 268.05
313.56 267.25
359.19 267.24
404.34 267.26
449.87 267.34
495.11 266.92
541.24 267.01
586.77 267.14
632.24 267.07
677.12 267.77
723.17 268.32
768.74 268.34
813.96 268.72
859.20 268.88
131.74 313.65
177.72 313.61
222.69 312.88
268.16 312.59
313.23 312.64
359.12 312.13
404.38 312.30
449.72 311.95
495.22 312.38
541.03 312.30
586.80 312.28
632.41 312.13
677.67 312.69
723.20 313.40
768.69 313.30
814.11 313.51
859.06 313.76
905.00 314.07
131.60 358.07
176.88 358.26
222.31 357.71
268.00 357.76
313.07 357.16
358.52 357.33
404.14 357.41
449.66 357.03
495.23 357.41
540.96 357.10
586.37 357.31
632.53 357.31
678.44 357.71
723.55 357.99
768.51 357.92
814.60 358.17
859.57 358.74
905.41 359.27
131.01 403.30
176.61 402.99
222.02 402.99
267.55 402.80
312.91 402.45
358.54 402.36
404.09 402.68
449.42 402.55
495.15 402.32
540.75 402.55
586.46 402.73
632.15 402.95
678.24 402.84
723.56 402.44
769.02 402.67
814.55 403.59
859.90 403.66
905.65 403.86
83.80 448.67
130.62 448.02
176.36 448.13
221.97 448.01
266.94 447.52
312.70 447.06
358.54 447.59
404.13 447.39
449.86 447.57
495.33 447.42
540.82 447.31
586.53 447.64
632.27 447.62
678.04 447.90
723.37 448.00
769.28 447.99
814.72 448.52
859.96 448.62
905.77 448.75
951.91 448.90
83.15 493.53
130.02 493.71
176.12 493.22
221.71 492.80
266.63 492.80
312.37 492.92
357.99 492.73
403.52 492.22
449.84 492.21
495.33 492.54
540.86 492.65
586.84 492.88
632.27 493.00
677.84 492.79
723.78 493.28
769.47 493.15
814.98 493.53
860.25 493.88
905.98 494.06
952.10 494.41
129.57 538.49
175.66 538.45
221.28 538.00
266.83 538.16
312.48 537.70
357.64 537.91
403.36 537.60
449.86 537.16
495.16 537.96
541.06 538.00
586.45 537.89
632.56 537.54
678.30 537.91
723.86 538.47
769.43 538.36
814.84 538.78
860.43 539.25
906.19 539.09
129.01 584.37
175.33 584.16
221.10 583.46
266.77 583.33
312.32 583.19
357.54 583.41
403.25 583.22
449.55 583.04
495.31 583.24
540.83 583.21
586.51 583.53
632.47 583.55
678.42 583.52
723.94 583.96
769.61 583.85
815.09 584.10
860.45 584.39
906.62 584.50
128.87 629.14
175.08 629.23
220.84 628.94
266.37 628.45
312.11 628.15
357.77 628.49
403.17 629.09
448.88 628.94
494.95 628.54
541.10 628.34
586.69 629.00
632.45 629.28
678.35 629.23
723.85 629.02
769.66 629.93
815.15 629.99
860.60 630.16
906.35 629.81
174.53 674.33
220.27 673.85
265.87 674.08
311.46 674.02
358.33 673.36
403.28 674.29
448.70 673.91
494.95 674.49
541.25 674.44
587.02 674.70
632.66 674.51
678.02 674.84
723.77 674.92
770.09 674.96
815.54 675.08
860.91 675.34
174.25 720.07
220.19 719.83
266.13 719.97
312.07 719.91
357.63 719.69
403.11 719.49
448.98 719.66
494.96 720.17
540.93 719.63
586.88 719.92
632.44 719.83
678.12 720.07
724.12 720.53
769.87 720.52
815.64 720.43
861.33 721.28
219.83 765.92
266.41 766.04
311.98 765.51
357.51 765.32
403.29 765.44
449.29 765.16
495.06 765.07
540.51 765.31
586.45 765.68
632.45 765.86
678.18 765.81
724.33 766.16
769.90 766.30
815.89 766.68
265.45 812.28
311.40 811.53
357.16 811.27
403.18 811.08
448.95 810.45
494.82 810.59
540.62 810.67
586.53 811.14
632.67 811.54
678.72 811.46
724.51 812.38
770.71 812.80
356.50 858.39
402.10 857.99
448.83 857.56
494.31 857.61
540.92 857.47
586.30 857.94
632.78 858.36
678.87 858.64
494.68 906.04
540.99 905.12
