495.54 38.08
540.66 37.84
359.87 83.62
405.21 83.82
450.34 83.48
495.54 84.02
540.82 83.78
586.37 83.90
632.17 84.35
677.97 84.60
268.60 129.44
314.04 129.64
359.56 129.42
404.84 129.22
450.06 129.15
495.46 129.61
541.30 129.86
586.44 129.94
632.31 129.54
678.47 130.03
723.38 130.53
768.07 130.19
223.21 174.42
268.55 174.38
313.94 174.29
359.26 174.29
404.80 174.92
450.16 174.94
495.87 175.07
540.79 174.89
586.31 174.89
632.45 175.41
678.46 174.77
723.16 174.49
767.86 174.83
813.33 175.06
177.74 219.29
223.04 219.47
268.74 219.90
313.78 219.63
359.29 219.75
404.99 219.98
450.18 219.73
495.48 219.88
540.75 220.13
586.21 220.10
632.28 220.13
677.75 219.83
723.21 219.58
768.35 219.75
813.50 220.05
858.53 220.73
177.94 265.68
223.18 265.45
268.10 265.46
313.36 264.91
359.38 265.05
405.00 265.29
450.65 265.45
495.35 265.40
540.72 265.46
586.29 265.37
632.30 265.16
677.55 265.30
723.47 265.97
768.67 265.87
813.54 266.12
858.47 266.43
131.91 311.43
178.07 311.85
223.00 311.62
267.53 311.31
313.56 311.13
359.30 310.54
404.67 310.60
450.12 310.14
495.42 310.95
540.50 311.11
586.10 310.78
632.22 310.63
677.73 311.14
723.26 311.83
768.81 311.40
814.07 311.78
858.71 311.92
904.60 312.49
132.20 356.28
178.09 356.76
222.88 356.68
267.40 356.72
313.15 355.99
358.90 356.23
404.56 355.68
450.47 356.17
495.59 356.31
540.49 356.29
585.65 356.38
632.44 356.31
678.25 356.82
723.28 356.84
768.46 356.91
813.74 356.99
859.18 357.31
904.92 357.34
131.38 401.89
177.96 401.58
223.02 401.73
267.43 402.29
312.85 401.90
358.92 401.61
404.44 401.85
450.42 401.98
495.80 402.01
540.50 402.42
585.53 402.56
632.57 402.88
678.27 402.33
723.24 402.12
768.97 402.50
813.60 402.52
859.36 402.26
905.03 401.75
83.14 447.21
131.24 446.39
177.95 446.64
223.25 447.10
267.10 447.24
312.78 446.82
358.68 447.38
404.54 446.78
450.57 446.98
496.24 447.65
540.88 447.62
585.86 447.56
632.20 447.59
678.04 447.83
723.30 447.63
768.80 447.64
813.60 447.74
859.15 447.65
904.92 447.21
952.42 447.44
82.54 493.05
130.93 493.02
177.58 492.32
222.85 492.03
267.71 492.60
312.79 492.98
358.36 493.05
404.22 492.77
451.12 492.63
496.39 492.94
540.91 493.22
585.96 493.37
631.79 492.92
678.08 492.73
723.28 493.18
768.33 492.48
813.55 492.67
858.87 493.02
905.32 493.03
952.53 493.43
130.04 537.76
177.20 537.73
222.87 537.38
268.56 538.21
313.14 538.37
357.69 538.24
403.68 537.99
450.96 537.39
496.28 538.46
540.57 538.84
585.57 538.10
631.79 537.73
677.58 538.14
722.94 538.34
768.06 538.04
813.38 538.22
858.84 538.26
905.44 537.87
129.61 584.71
176.95 583.75
222.73 583.28
268.97 583.16
313.29 583.26
357.78 583.46
403.28 584.15
450.91 583.80
496.11 582.82
540.42 582.32
585.76 583.43
632.13 583.69
677.80 583.87
722.76 583.67
767.90 583.64
813.31 583.96
858.96 584.14
905.51 584.68
128.98 630.05
176.16 629.34
222.54 628.56
268.54 628.21
313.49 628.42
358.53 629.12
403.79 630.29
449.40 629.56
494.75 627.78
541.05 627.50
586.66 628.64
632.46 629.32
678.23 629.48
723.07 629.19
768.09 629.44
813.71 629.80
859.22 629.79
905.65 629.62
175.14 674.46
222.00 673.70
268.17 673.83
313.43 673.67
359.31 673.77
404.19 674.78
448.35 674.36
493.86 674.75
541.70 674.83
587.22 674.98
632.31 674.58
677.52 674.82
722.80 674.44
768.41 674.39
814.04 674.44
859.40 675.09
174.32 719.75
221.47 719.38
268.56 719.16
313.83 719.53
359.03 719.60
403.92 719.68
448.75 719.97
495.01 720.94
541.04 721.08
586.99 720.67
631.87 720.37
677.12 720.14
722.18 719.89
767.97 719.41
814.07 719.13
860.66 720.42
221.10 765.32
268.65 765.29
314.01 764.97
359.00 764.66
404.23 764.80
449.22 765.17
495.51 765.19
540.57 765.81
586.67 765.84
631.60 765.39
676.50 764.98
722.10 765.07
767.54 765.38
814.30 765.53
267.66 811.44
313.19 810.21
358.56 809.93
404.11 810.21
449.35 809.93
495.27 809.89
541.09 810.05
586.32 810.58
631.50 810.47
676.57 810.16
722.57 810.76
768.34 811.65
358.19 856.82
403.49 856.49
449.21 856.38
495.00 855.77
541.25 856.11
586.19 856.29
631.28 856.46
676.31 856.81
495.02 903.33
540.93 902.89
