495.54 38.11
540.68 37.84
359.82 83.69
405.21 83.86
450.37 83.49
495.57 83.99
540.83 83.76
586.37 83.90
632.12 84.35
677.95 84.65
268.58 129.50
313.99 129.70
359.50 129.48
404.86 129.27
450.05 129.18
495.47 129.58
541.28 129.85
586.44 129.94
632.30 129.54
678.45 130.08
723.35 130.58
768.06 130.23
223.19 174.42
268.55 174.39
313.92 174.33
359.20 174.32
404.76 174.96
450.14 174.95
495.88 175.06
540.80 174.90
586.34 174.91
632.45 175.43
678.48 174.80
723.14 174.51
767.84 174.84
813.30 175.08
177.74 219.26
223.05 219.44
268.75 219.90
313.78 219.63
359.24 219.77
404.93 219.97
450.16 219.74
495.48 219.87
540.74 220.11
586.25 220.09
632.27 220.14
677.78 219.85
723.21 219.58
768.31 219.75
813.47 220.07
858.48 220.75
177.91 265.68
223.17 265.43
268.12 265.43
313.35 264.88
359.34 265.04
404.96 265.29
450.61 265.44
495.33 265.37
540.74 265.43
586.32 265.34
632.31 265.15
677.53 265.26
723.45 265.91
768.68 265.86
813.52 266.11
858.44 266.45
131.90 311.45
178.02 311.85
222.99 311.61
267.56 311.25
313.53 311.08
359.26 310.48
404.65 310.56
450.10 310.13
495.41 310.94
540.51 311.12
586.11 310.76
632.20 310.60
677.73 311.09
723.26 311.77
768.83 311.37
814.07 311.75
858.73 311.89
904.62 312.51
132.16 356.32
178.06 356.78
222.85 356.67
267.36 356.72
313.12 355.97
358.89 356.20
404.54 355.64
450.48 356.17
495.59 356.33
540.50 356.27
585.65 356.35
632.43 356.29
678.24 356.79
723.29 356.83
768.49 356.88
813.79 356.96
859.20 357.31
904.94 357.32
131.33 401.91
177.90 401.59
222.99 401.73
267.40 402.30
312.84 401.92
358.91 401.60
404.41 401.85
450.44 401.99
495.78 402.01
540.51 402.40
585.53 402.54
632.58 402.85
678.27 402.34
723.23 402.16
768.97 402.52
813.62 402.52
859.40 402.25
905.03 401.73
83.02 447.18
131.22 446.40
177.91 446.64
223.22 447.10
267.12 447.27
312.78 446.84
358.64 447.38
404.53 446.81
450.57 446.99
496.24 447.66
540.84 447.65
585.85 447.58
632.22 447.61
678.05 447.82
723.29 447.63
768.78 447.65
813.60 447.73
859.14 447.64
904.91 447.20
952.40 447.41
82.40 493.03
130.87 493.00
177.56 492.30
222.82 492.01
267.73 492.62
312.78 493.00
358.32 493.04
404.19 492.77
451.14 492.64
496.39 492.95
540.88 493.20
585.92 493.36
631.79 492.91
678.09 492.73
723.28 493.16
768.30 492.49
813.53 492.65
858.88 493.01
905.30 493.02
952.51 493.41
130.01 537.75
177.17 537.76
222.87 537.36
268.57 538.22
313.11 538.40
357.66 538.22
403.63 537.97
450.96 537.37
496.30 538.46
540.59 538.83
585.54 538.09
631.80 537.72
677.57 538.13
722.93 538.36
768.03 538.04
813.35 538.21
858.79 538.25
905.43 537.88
129.61 584.74
176.94 583.76
222.75 583.31
268.96 583.16
313.28 583.25
357.74 583.46
403.24 584.18
450.90 583.80
496.15 582.82
540.43 582.30
585.74 583.42
632.15 583.72
677.83 583.91
722.75 583.68
767.86 583.64
813.33 583.97
858.97 584.15
905.54 584.70
128.94 630.09
176.10 629.38
222.54 628.59
268.54 628.22
313.48 628.44
358.48 629.14
403.74 630.33
449.36 629.59
494.74 627.77
541.05 627.48
586.69 628.67
632.50 629.35
678.26 629.52
723.05 629.23
768.04 629.46
813.72 629.80
859.21 629.79
905.67 629.62
175.11 674.49
221.98 673.72
268.18 673.85
313.41 673.67
359.26 673.76
404.14 674.78
448.30 674.38
493.81 674.79
541.74 674.84
587.27 675.03
632.32 674.62
677.50 674.81
722.79 674.45
768.33 674.39
814.02 674.41
859.42 675.08
174.26 719.77
221.45 719.40
268.54 719.17
313.81 719.54
358.99 719.61
403.93 719.70
448.74 719.99
495.00 720.98
541.06 721.13
587.01 720.71
631.86 720.40
677.11 720.12
722.14 719.87
767.92 719.41
814.04 719.11
860.69 720.39
221.04 765.33
268.62 765.29
313.95 764.98
358.96 764.64
404.23 764.78
449.22 765.15
495.54 765.15
540.58 765.80
586.67 765.83
631.57 765.40
676.45 764.96
722.06 765.05
767.53 765.37
814.27 765.53
267.62 811.44
313.14 810.17
358.52 809.88
404.09 810.14
449.33 809.84
495.30 809.79
541.12 809.98
586.34 810.52
631.46 810.42
676.50 810.13
722.53 810.76
768.31 811.63
358.12 856.77
403.44 856.42
449.19 856.31
495.03 855.69
541.28 856.05
586.23 856.26
631.28 856.45
676.25 856.77
495.03 903.33
540.99 902.89
