495.20 40.08
541.07 40.08
359.64 86.71
404.88 87.03
450.50 86.92
495.40 87.39
540.78 87.38
586.12 87.00
632.10 87.69
677.32 87.62
268.62 132.05
313.64 132.27
359.40 132.59
405.15 133.01
450.35 133.07
495.64 133.14
540.98 133.56
586.30 133.00
631.85 133.31
677.54 133.72
723.09 133.64
768.34 133.23
223.38 177.51
268.81 177.50
314.13 177.34
359.26 177.67
404.69 177.87
450.24 178.00
496.07 177.69
540.64 177.43
586.23 177.65
632.11 178.21
677.56 178.59
722.86 178.30
768.23 178.37
813.49 178.13
177.79 222.58
223.22 223.08
268.82 223.21
313.72 222.65
359.40 222.82
404.42 222.68
450.02 222.22
495.61 222.06
540.76 222.23
586.73 222.50
632.45 223.07
677.13 222.91
723.12 222.80
768.52 223.31
813.88 223.57
859.29 223.74
178.05 268.51
223.08 267.90
268.31 268.05
313.57 267.26
359.18 267.25
404.36 267.27
449.87 267.35
495.10 266.93
541.25 267.02
586.77 267.14
632.25 267.07
677.13 267.77
723.18 268.35
768.74 268.35
813.95 268.72
859.20 268.88
131.74 313.63
177.71 313.61
222.69 312.88
268.16 312.59
313.23 312.64
359.12 312.14
404.37 312.30
449.73 311.95
495.21 312.39
541.02 312.31
586.81 312.28
632.41 312.13
677.67 312.70
723.20 313.39
768.69 313.30
814.12 313.50
859.06 313.75
905.00 314.08
131.59 358.08
176.87 358.28
222.30 357.71
268.00 357.75
313.05 357.17
358.50 357.34
404.15 357.43
449.65 357.03
495.22 357.42
540.95 357.11
586.38 357.31
632.55 357.30
678.45 357.72
723.55 358.00
768.51 357.91
814.60 358.17
859.58 358.73
905.42 359.27
131.02 403.30
176.62 402.99
222.02 403.00
267.54 402.79
312.90 402.47
358.56 402.37
404.08 402.69
449.41 402.54
495.17 402.32
540.76 402.56
586.46 402.74
632.14 402.94
678.24 402.83
723.57 402.44
769.01 402.66
814.55 403.60
859.89 403.65
905.67 403.88
83.79 448.69
130.63 448.02
176.36 448.12
221.97 448.02
266.92 447.50
312.69 447.04
358.54 447.58
404.12 447.39
449.84 447.56
495.32 447.42
540.82 447.31
586.53 447.63
632.26 447.62
678.04 447.91
723.38 448.00
769.28 448.00
814.72 448.54
859.96 448.62
905.77 448.75
951.92 448.90
83.15 493.54
130.02 493.71
176.12 493.23
221.69 492.80
266.62 492.79
312.38 492.93
358.00 492.73
403.52 492.23
449.85 492.21
495.32 492.54
540.88 492.65
586.83 492.87
632.28 493.01
677.82 492.81
723.79 493.28
769.46 493.14
814.98 493.54
860.26 493.90
905.99 494.07
952.10 494.42
129.58 538.50
175.66 538.44
221.28 538.00
266.83 538.16
312.48 537.70
357.63 537.92
403.36 537.60
449.87 537.15
495.16 537.96
541.05 538.01
586.46 537.89
632.56 537.54
678.31 537.92
723.86 538.47
769.44 538.36
814.85 538.79
860.41 539.26
906.18 539.09
129.00 584.36
175.31 584.16
221.11 583.48
266.77 583.34
312.31 583.19
357.55 583.41
403.25 583.22
449.54 583.03
495.31 583.23
540.85 583.22
586.52 583.54
632.48 583.57
678.42 583.50
723.95 583.98
769.60 583.85
815.10 584.11
860.46 584.40
906.61 584.50
128.86 629.14
175.06 629.23
220.85 628.95
266.36 628.44
312.10 628.16
357.77 628.50
403.17 629.11
448.88 628.94
494.96 628.53
541.10 628.35
586.69 629.00
632.46 629.28
678.35 629.24
723.85 629.04
769.68 629.92
815.16 629.98
860.60 630.16
906.35 629.81
174.51 674.33
220.27 673.84
265.87 674.09
311.47 674.01
358.33 673.37
403.27 674.28
448.69 673.91
494.95 674.48
541.27 674.43
587.01 674.69
632.66 674.51
678.02 674.83
723.77 674.92
770.08 674.96
815.53 675.09
860.91 675.35
174.24 720.07
220.19 719.83
266.13 719.99
312.07 719.93
357.62 719.69
403.10 719.50
448.98 719.65
494.99 720.18
540.93 719.63
586.88 719.92
632.43 719.84
678.12 720.07
724.11 720.52
769.88 720.51
815.66 720.43
861.33 721.30
219.82 765.90
266.40 766.04
311.97 765.52
357.50 765.33
403.30 765.46
449.28 765.16
495.07 765.06
540.51 765.30
586.46 765.67
632.43 765.86
678.18 765.79
724.34 766.17
769.90 766.30
815.90 766.69
265.44 812.28
311.40 811.53
357.16 811.28
403.19 811.07
448.95 810.45
494.82 810.60
540.61 810.66
586.55 811.14
632.69 811.56
678.72 811.46
724.51 812.39
770.71 812.81
356.51 858.38
402.11 857.99
448.83 857.55
494.32 857.63
540.91 857.45
586.29 857.95
632.80 858.35
678.87 858.65
494.69 906.03
541.00 905.11
