489.56 135.59
513.79 136.88
542.62 136.11
378.14 162.44
407.03 162.55
433.65 161.95
460.26 163.64
488.95 162.35
513.54 162.49
543.45 162.65
570.71 162.24
596.89 162.83
624.49 161.99
651.13 161.93
325.32 188.10
352.45 188.29
378.70 188.12
406.54 188.84
434.83 188.68
460.14 188.65
489.25 188.62
513.72 188.35
542.72 188.28
570.86 187.81
597.18 187.01
623.49 188.10
651.28 187.82
679.23 187.18
704.01 187.11
297.80 214.81
325.50 214.08
352.24 215.30
378.59 214.07
406.81 214.78
434.47 214.71
460.09 214.54
489.48 214.68
513.62 214.43
542.54 214.33
570.90 214.83
596.50 214.13
623.90 214.75
650.99 213.44
678.79 213.35
703.22 214.39
733.01 214.22
270.68 243.43
297.31 242.40
324.95 243.16
352.11 243.06
378.52 242.70
406.48 243.62
433.96 243.10
459.49 242.46
488.90 242.20
512.78 242.57
542.90 242.91
570.20 243.39
597.24 243.02
623.54 243.05
651.17 242.87
679.32 243.05
703.76 242.78
732.84 242.93
757.00 241.76
244.04 270.26
271.18 270.03
296.87 270.45
324.81 270.75
353.11 270.41
378.38 269.96
405.99 269.81
434.54 270.16
460.62 269.70
489.72 269.24
513.43 269.94
542.43 269.88
570.29 269.64
596.81 269.03
623.97 269.34
650.67 269.34
679.35 269.57
703.13 270.39
732.96 269.86
757.40 269.60
786.35 269.48
215.25 299.73
243.95 298.55
270.91 298.91
297.70 298.29
325.18 298.04
352.34 297.99
378.50 298.55
407.43 298.19
434.37 298.02
459.41 299.02
489.90 298.33
513.37 298.90
542.52 299.03
570.43 297.87
595.76 297.33
624.09 297.45
650.89 297.82
679.28 297.66
703.93 297.39
732.63 297.32
758.49 297.23
785.44 296.90
812.79 298.05
187.43 327.76
215.22 326.75
243.45 326.69
269.99 326.33
298.28 325.50
325.33 325.48
352.41 326.06
378.04 325.90
406.65 325.16
434.15 325.46
459.07 325.76
489.23 324.93
513.10 324.94
542.81 325.54
570.11 325.65
596.83 324.80
623.92 325.62
650.18 325.03
679.29 325.10
703.61 325.35
732.76 325.40
758.08 325.69
786.57 325.07
813.12 325.24
839.87 324.56
188.50 352.24
215.04 351.62
243.59 351.99
270.44 351.93
297.78 351.26
324.92 352.50
351.95 351.11
377.85 351.14
406.64 351.49
433.79 351.93
460.07 351.08
487.83 350.91
513.75 351.23
542.67 351.78
570.10 351.09
596.68 350.50
623.73 351.33
651.81 351.44
678.38 351.47
702.78 351.35
732.99 351.07
757.84 350.88
785.99 350.70
812.37 350.74
839.62 349.83
160.90 379.14
188.47 378.47
215.06 378.60
243.44 379.02
270.20 378.46
296.98 377.85
324.67 377.91
352.23 378.26
378.53 378.36
406.16 377.55
433.97 378.44
460.55 378.13
488.38 377.41
513.51 378.07
542.41 378.05
570.33 377.89
597.06 378.25
623.10 377.85
650.94 378.21
678.97 377.51
704.29 377.35
733.81 377.84
757.24 378.07
785.86 377.43
811.74 377.47
839.58 376.77
866.65 378.50
161.01 404.90
187.63 404.73
214.93 404.91
243.62 404.73
270.67 405.26
296.87 404.61
324.24 404.33
352.23 404.64
378.94 404.22
406.10 404.56
434.45 404.46
460.98 404.46
487.81 404.05
512.90 404.21
542.71 404.77
569.85 404.76
596.16 403.25
623.37 404.19
650.15 404.06
679.15 403.97
703.59 403.38
732.86 403.13
758.30 403.87
785.84 403.74
812.97 404.26
839.87 403.48
867.56 404.67
160.64 433.28
187.64 432.83
214.79 432.77
243.72 432.79
269.97 433.59
297.12 433.04
324.34 432.62
352.16 432.87
379.18 432.86
406.46 432.10
433.98 432.93
460.25 431.58
488.78 431.97
513.52 432.03
542.05 432.72
569.95 432.42
596.74 431.35
623.98 432.38
651.26 431.78
678.83 431.77
702.98 432.30
731.88 431.85
758.66 432.08
786.60 432.20
813.14 432.02
838.83 432.45
866.88 431.46
160.42 459.71
187.38 459.31
215.52 459.01
243.54 458.71
270.33 458.70
296.74 458.29
324.44 458.34
351.70 458.56
377.90 458.12
405.61 458.51
433.93 458.55
460.60 457.44
488.52 458.19
512.77 458.01
541.97 457.92
570.19 457.69
597.17 457.65
623.56 458.57
651.19 457.55
678.69 458.12
703.92 458.35
732.47 458.33
757.38 458.39
786.30 457.97
813.41 457.78
839.36 457.35
866.43 457.56
134.48 487.22
161.15 488.03
189.06 487.14
215.49 487.80
243.63 487.67
271.02 487.42
297.79 487.15
324.64 488.17
352.38 487.86
378.22 487.84
406.64 487.28
434.46 487.31
460.19 487.11
489.13 487.42
513.16 487.28
541.77 486.83
569.94 487.83
596.71 487.03
624.11 487.23
650.95 486.91
678.79 487.22
702.80 486.99
732.94 486.60
759.80 486.47
786.33 486.18
812.98 487.26
838.65 486.02
867.13 486.40
893.64 486.17
134.15 514.82
160.78 514.58
187.95 514.83
215.17 513.97
243.58 514.28
270.61 514.07
297.20 514.63
324.24 515.02
352.54 514.36
378.37 514.96
406.12 514.49
434.08 514.21
460.69 514.73
489.17 514.91
513.33 513.96
541.97 514.65
570.62 514.97
596.60 514.91
623.98 514.34
650.96 514.29
678.32 513.57
704.00 514.17
732.96 515.14
757.88 514.32
785.81 514.52
811.94 513.91
839.51 515.23
866.76 514.64
893.60 514.33
135.00 546.13
160.37 546.06
188.30 545.20
214.84 545.05
243.02 545.02
270.65 545.16
297.31 545.35
323.92 545.75
352.10 545.02
379.14 545.44
406.35 544.24
433.93 544.89
460.60 545.29
488.73 544.22
512.68 544.53
542.08 544.39
569.99 545.27
596.49 545.19
624.43 544.44
651.75 544.94
676.64 545.78
703.51 546.15
732.44 544.91
757.61 544.66
786.21 544.99
813.03 544.94
839.86 545.29
867.87 545.00
893.48 545.39
159.98 572.95
187.32 572.95
215.13 572.24
243.16 572.59
270.25 572.99
297.44 573.49
325.23 572.89
351.39 573.40
378.44 572.04
405.99 571.99
434.56 572.16
460.62 572.49
488.43 572.69
513.85 572.49
542.59 572.15
570.02 572.57
595.91 571.64
623.18 571.74
651.33 572.27
678.58 572.30
703.34 571.80
732.32 572.47
757.57 572.32
786.92 572.34
813.41 572.44
839.77 572.26
867.50 572.62
159.50 597.20
187.48 597.44
215.38 597.10
243.35 598.17
270.94 598.58
297.16 598.60
324.42 598.13
352.28 598.25
377.82 597.69
405.94 598.44
434.14 598.65
459.11 598.24
488.59 597.72
513.01 597.77
541.93 598.28
570.25 597.88
596.69 597.14
623.34 597.81
651.15 599.33
678.11 598.08
702.82 597.56
732.51 597.85
758.00 597.11
786.70 597.15
813.24 598.30
840.20 598.44
865.61 599.40
160.46 626.77
186.98 626.84
215.20 626.07
243.14 626.49
270.47 627.12
297.11 627.35
324.73 626.64
352.28 627.08
378.03 626.38
406.43 626.97
433.98 626.71
461.29 626.21
488.98 626.25
513.32 626.50
542.09 627.20
569.90 626.59
596.54 626.47
624.50 626.48
650.63 626.93
678.74 626.02
703.85 625.79
732.00 625.73
758.37 625.62
785.27 625.07
812.42 625.32
839.33 625.90
867.09 625.96
160.25 654.79
187.74 654.32
214.25 654.04
243.37 654.39
270.33 653.27
297.56 653.54
324.65 653.72
351.15 653.23
378.58 653.05
405.87 653.36
434.64 652.90
460.18 653.35
488.86 653.43
513.17 653.11
541.56 652.53
570.05 652.78
596.93 653.38
624.17 652.47
650.06 652.79
678.42 653.21
703.38 653.69
732.75 652.18
757.53 651.99
786.18 652.68
813.18 652.14
840.30 651.39
867.71 652.36
187.14 680.83
214.86 680.52
243.28 681.19
270.04 680.35
297.02 680.76
323.74 680.16
351.58 680.86
378.81 680.23
406.21 679.98
434.55 679.99
460.37 681.43
488.66 680.53
513.46 681.02
541.86 681.29
569.87 680.91
596.39 680.70
623.98 680.65
650.14 680.21
677.57 678.79
703.38 680.27
731.73 680.61
758.25 681.04
786.30 681.60
812.92 680.97
839.31 680.38
187.50 705.49
214.64 705.62
243.73 705.13
269.67 705.76
296.98 704.95
324.06 705.25
351.44 705.64
378.17 705.91
406.15 704.86
433.82 705.47
460.30 705.49
488.69 704.93
513.10 705.05
541.54 705.44
569.98 705.27
596.31 704.59
623.36 705.74
650.61 705.41
677.64 705.51
702.50 704.51
732.46 705.94
758.30 705.17
786.96 704.71
813.32 705.31
840.17 704.97
214.29 735.70
243.41 735.34
269.95 735.52
296.56 735.98
324.70 735.46
351.14 735.34
378.49 735.12
405.62 734.30
433.90 734.50
459.54 736.47
489.16 735.12
511.92 734.81
540.82 735.00
569.60 735.50
595.90 734.72
623.68 735.69
651.38 734.86
678.37 734.44
703.03 736.64
732.78 735.07
757.86 735.52
785.88 735.36
812.84 735.16
242.94 760.93
269.76 762.33
296.72 761.14
324.07 761.50
352.50 761.45
378.11 761.71
406.21 761.19
434.38 761.42
460.53 760.95
489.06 760.62
512.38 759.90
541.49 761.02
570.28 760.21
595.92 760.53
623.73 761.29
650.00 760.37
677.92 760.11
703.27 759.99
732.35 760.97
757.72 759.98
786.43 760.25
269.81 791.29
296.60 790.53
324.22 790.73
351.81 791.11
378.48 790.86
405.89 790.61
433.92 790.24
460.23 791.17
489.32 790.80
512.48 790.29
541.94 790.50
569.33 790.83
595.94 791.20
624.08 790.34
650.73 790.27
678.21 790.09
703.23 790.12
732.64 790.92
758.05 790.42
296.95 816.79
324.06 817.25
352.58 816.83
378.46 817.13
406.19 817.00
434.07 816.54
459.83 817.35
488.15 816.31
512.93 816.15
541.02 816.80
569.72 816.95
595.78 815.91
623.30 816.97
650.12 817.15
677.69 817.34
704.02 817.86
732.06 816.92
323.47 844.69
351.05 844.28
378.68 843.37
404.71 844.55
434.03 843.60
460.10 844.40
488.99 844.23
512.54 843.66
542.04 843.74
569.61 844.01
595.66 843.51
623.29 843.32
649.87 843.29
678.51 842.87
702.64 843.52
378.01 870.73
405.64 870.34
433.24 870.45
460.04 870.23
488.08 870.03
513.23 869.28
541.84 869.79
569.30 870.29
595.87 870.16
624.24 869.89
651.20 870.25
487.61 896.11
511.36 896.40
541.28 896.18
