4.948181818181818699e+02 3.972727272727272663e+01
5.402727272727273657e+02 3.972727272727272663e+01
3.584545454545454959e+02 8.518181818181818699e+01
4.039090909090909918e+02 8.518181818181818699e+01
4.493636363636364308e+02 8.518181818181818699e+01
4.948181818181818699e+02 8.518181818181818699e+01
5.402727272727273657e+02 8.518181818181818699e+01
5.857272727272727479e+02 8.518181818181818699e+01
6.311818181818182438e+02 8.518181818181818699e+01
6.766363636363637397e+02 8.518181818181818699e+01
2.675454545454545610e+02 1.306363636363636545e+02
3.130000000000000000e+02 1.306363636363636545e+02
3.584545454545454959e+02 1.306363636363636545e+02
4.039090909090909918e+02 1.306363636363636545e+02
4.493636363636364308e+02 1.306363636363636545e+02
4.948181818181818699e+02 1.306363636363636545e+02
5.402727272727273657e+02 1.306363636363636545e+02
5.857272727272727479e+02 1.306363636363636545e+02
6.311818181818182438e+02 1.306363636363636545e+02
6.766363636363637397e+02 1.306363636363636545e+02
7.220909090909092356e+02 1.306363636363636545e+02
7.675454545454546178e+02 1.306363636363636545e+02
2.220909090909090935e+02 1.760909090909090935e+02
2.675454545454545610e+02 1.760909090909090935e+02
3.130000000000000000e+02 1.760909090909090935e+02
3.584545454545454959e+02 1.760909090909090935e+02
4.039090909090909918e+02 1.760909090909090935e+02
4.493636363636364308e+02 1.760909090909090935e+02
4.948181818181818699e+02 1.760909090909090935e+02
5.402727272727273657e+02 1.760909090909090935e+02
5.857272727272727479e+02 1.760909090909090935e+02
6.311818181818182438e+02 1.760909090909090935e+02
6.766363636363637397e+02 1.760909090909090935e+02
7.220909090909092356e+02 1.760909090909090935e+02
7.675454545454546178e+02 1.760909090909090935e+02
8.130000000000001137e+02 1.760909090909090935e+02
1.766363636363636545e+02 2.215454545454545610e+02
2.220909090909090935e+02 2.215454545454545610e+02
2.675454545454545610e+02 2.215454545454545610e+02
3.130000000000000000e+02 2.215454545454545610e+02
3.584545454545454959e+02 2.215454545454545610e+02
4.039090909090909918e+02 2.215454545454545610e+02
4.493636363636364308e+02 2.215454545454545610e+02
4.948181818181818699e+02 2.215454545454545610e+02
5.402727272727273657e+02 2.215454545454545610e+02
5.857272727272727479e+02 2.215454545454545610e+02
6.311818181818182438e+02 2.215454545454545610e+02
6.766363636363637397e+02 2.215454545454545610e+02
7.220909090909092356e+02 2.215454545454545610e+02
7.675454545454546178e+02 2.215454545454545610e+02
8.130000000000001137e+02 2.215454545454545610e+02
8.584545454545456096e+02 2.215454545454545610e+02
1.766363636363636545e+02 2.670000000000000000e+02
2.220909090909090935e+02 2.670000000000000000e+02
2.675454545454545610e+02 2.670000000000000000e+02
3.130000000000000000e+02 2.670000000000000000e+02
3.584545454545454959e+02 2.670000000000000000e+02
4.039090909090909918e+02 2.670000000000000000e+02
4.493636363636364308e+02 2.670000000000000000e+02
4.948181818181818699e+02 2.670000000000000000e+02
5.402727272727273657e+02 2.670000000000000000e+02
5.857272727272727479e+02 2.670000000000000000e+02
6.311818181818182438e+02 2.670000000000000000e+02
6.766363636363637397e+02 2.670000000000000000e+02
7.220909090909092356e+02 2.670000000000000000e+02
7.675454545454546178e+02 2.670000000000000000e+02
8.130000000000001137e+02 2.670000000000000000e+02
8.584545454545456096e+02 2.670000000000000000e+02
1.311818181818181870e+02 3.124545454545454959e+02
1.766363636363636545e+02 3.124545454545454959e+02
2.220909090909090935e+02 3.124545454545454959e+02
2.675454545454545610e+02 3.124545454545454959e+02
3.130000000000000000e+02 3.124545454545454959e+02
3.584545454545454959e+02 3.124545454545454959e+02
4.039090909090909918e+02 3.124545454545454959e+02
4.493636363636364308e+02 3.124545454545454959e+02
4.948181818181818699e+02 3.124545454545454959e+02
5.402727272727273657e+02 3.124545454545454959e+02
5.857272727272727479e+02 3.124545454545454959e+02
6.311818181818182438e+02 3.124545454545454959e+02
6.766363636363637397e+02 3.124545454545454959e+02
7.220909090909092356e+02 3.124545454545454959e+02
7.675454545454546178e+02 3.124545454545454959e+02
8.130000000000001137e+02 3.124545454545454959e+02
8.584545454545456096e+02 3.124545454545454959e+02
9.039090909090909918e+02 3.124545454545454959e+02
1.311818181818181870e+02 3.579090909090909918e+02
1.766363636363636545e+02 3.579090909090909918e+02
2.220909090909090935e+02 3.579090909090909918e+02
2.675454545454545610e+02 3.579090909090909918e+02
3.130000000000000000e+02 3.579090909090909918e+02
3.584545454545454959e+02 3.579090909090909918e+02
4.039090909090909918e+02 3.579090909090909918e+02
4.493636363636364308e+02 3.579090909090909918e+02
4.948181818181818699e+02 3.579090909090909918e+02
5.402727272727273657e+02 3.579090909090909918e+02
5.857272727272727479e+02 3.579090909090909918e+02
6.311818181818182438e+02 3.579090909090909918e+02
6.766363636363637397e+02 3.579090909090909918e+02
7.220909090909092356e+02 3.579090909090909918e+02
7.675454545454546178e+02 3.579090909090909918e+02
8.130000000000001137e+02 3.579090909090909918e+02
8.584545454545456096e+02 3.579090909090909918e+02
9.039090909090909918e+02 3.579090909090909918e+02
1.311818181818181870e+02 4.033636363636364308e+02
1.766363636363636545e+02 4.033636363636364308e+02
2.220909090909090935e+02 4.033636363636364308e+02
2.675454545454545610e+02 4.033636363636364308e+02
3.130000000000000000e+02 4.033636363636364308e+02
3.584545454545454959e+02 4.033636363636364308e+02
4.039090909090909918e+02 4.033636363636364308e+02
4.493636363636364308e+02 4.033636363636364308e+02
4.948181818181818699e+02 4.033636363636364308e+02
5.402727272727273657e+02 4.033636363636364308e+02
5.857272727272727479e+02 4.033636363636364308e+02
6.311818181818182438e+02 4.033636363636364308e+02
6.766363636363637397e+02 4.033636363636364308e+02
7.220909090909092356e+02 4.033636363636364308e+02
7.675454545454546178e+02 4.033636363636364308e+02
8.130000000000001137e+02 4.033636363636364308e+02
8.584545454545456096e+02 4.033636363636364308e+02
9.039090909090909918e+02 4.033636363636364308e+02
8.572727272727271952e+01 4.488181818181818699e+02
1.311818181818181870e+02 4.488181818181818699e+02
1.766363636363636545e+02 4.488181818181818699e+02
2.220909090909090935e+02 4.488181818181818699e+02
2.675454545454545610e+02 4.488181818181818699e+02
3.130000000000000000e+02 4.488181818181818699e+02
3.584545454545454959e+02 4.488181818181818699e+02
4.039090909090909918e+02 4.488181818181818699e+02
4.493636363636364308e+02 4.488181818181818699e+02
4.948181818181818699e+02 4.488181818181818699e+02
5.402727272727273657e+02 4.488181818181818699e+02
5.857272727272727479e+02 4.488181818181818699e+02
6.311818181818182438e+02 4.488181818181818699e+02
6.766363636363637397e+02 4.488181818181818699e+02
7.220909090909092356e+02 4.488181818181818699e+02
7.675454545454546178e+02 4.488181818181818699e+02
8.130000000000001137e+02 4.488181818181818699e+02
8.584545454545456096e+02 4.488181818181818699e+02
9.039090909090909918e+02 4.488181818181818699e+02
9.493636363636364877e+02 4.488181818181818699e+02
8.572727272727271952e+01 4.942727272727273657e+02
1.311818181818181870e+02 4.942727272727273657e+02
1.766363636363636545e+02 4.942727272727273657e+02
2.220909090909090935e+02 4.942727272727273657e+02
2.675454545454545610e+02 4.942727272727273657e+02
3.130000000000000000e+02 4.942727272727273657e+02
3.584545454545454959e+02 4.942727272727273657e+02
4.039090909090909918e+02 4.942727272727273657e+02
4.493636363636364308e+02 4.942727272727273657e+02
4.948181818181818699e+02 4.942727272727273657e+02
5.402727272727273657e+02 4.942727272727273657e+02
5.857272727272727479e+02 4.942727272727273657e+02
6.311818181818182438e+02 4.942727272727273657e+02
6.766363636363637397e+02 4.942727272727273657e+02
7.220909090909092356e+02 4.942727272727273657e+02
7.675454545454546178e+02 4.942727272727273657e+02
8.130000000000001137e+02 4.942727272727273657e+02
8.584545454545456096e+02 4.942727272727273657e+02
9.039090909090909918e+02 4.942727272727273657e+02
9.493636363636364877e+02 4.942727272727273657e+02
1.311818181818181870e+02 5.397272727272727479e+02
1.766363636363636545e+02 5.397272727272727479e+02
2.220909090909090935e+02 5.397272727272727479e+02
2.675454545454545610e+02 5.397272727272727479e+02
3.130000000000000000e+02 5.397272727272727479e+02
3.584545454545454959e+02 5.397272727272727479e+02
4.039090909090909918e+02 5.397272727272727479e+02
4.493636363636364308e+02 5.397272727272727479e+02
4.948181818181818699e+02 5.397272727272727479e+02
5.402727272727273657e+02 5.397272727272727479e+02
5.857272727272727479e+02 5.397272727272727479e+02
6.311818181818182438e+02 5.397272727272727479e+02
6.766363636363637397e+02 5.397272727272727479e+02
7.220909090909092356e+02 5.397272727272727479e+02
7.675454545454546178e+02 5.397272727272727479e+02
8.130000000000001137e+02 5.397272727272727479e+02
8.584545454545456096e+02 5.397272727272727479e+02
9.039090909090909918e+02 5.397272727272727479e+02
1.311818181818181870e+02 5.851818181818182438e+02
1.766363636363636545e+02 5.851818181818182438e+02
2.220909090909090935e+02 5.851818181818182438e+02
2.675454545454545610e+02 5.851818181818182438e+02
3.130000000000000000e+02 5.851818181818182438e+02
3.584545454545454959e+02 5.851818181818182438e+02
4.039090909090909918e+02 5.851818181818182438e+02
4.493636363636364308e+02 5.851818181818182438e+02
4.948181818181818699e+02 5.851818181818182438e+02
5.402727272727273657e+02 5.851818181818182438e+02
5.857272727272727479e+02 5.851818181818182438e+02
6.311818181818182438e+02 5.851818181818182438e+02
6.766363636363637397e+02 5.851818181818182438e+02
7.220909090909092356e+02 5.851818181818182438e+02
7.675454545454546178e+02 5.851818181818182438e+02
8.130000000000001137e+02 5.851818181818182438e+02
8.584545454545456096e+02 5.851818181818182438e+02
9.039090909090909918e+02 5.851818181818182438e+02
1.311818181818181870e+02 6.306363636363637397e+02
1.766363636363636545e+02 6.306363636363637397e+02
2.220909090909090935e+02 6.306363636363637397e+02
2.675454545454545610e+02 6.306363636363637397e+02
3.130000000000000000e+02 6.306363636363637397e+02
3.584545454545454959e+02 6.306363636363637397e+02
4.039090909090909918e+02 6.306363636363637397e+02
4.493636363636364308e+02 6.306363636363637397e+02
4.948181818181818699e+02 6.306363636363637397e+02
5.402727272727273657e+02 6.306363636363637397e+02
5.857272727272727479e+02 6.306363636363637397e+02
6.311818181818182438e+02 6.306363636363637397e+02
6.766363636363637397e+02 6.306363636363637397e+02
7.220909090909092356e+02 6.306363636363637397e+02
7.675454545454546178e+02 6.306363636363637397e+02
8.130000000000001137e+02 6.306363636363637397e+02
8.584545454545456096e+02 6.306363636363637397e+02
9.039090909090909918e+02 6.306363636363637397e+02
1.766363636363636545e+02 6.760909090909092356e+02
2.220909090909090935e+02 6.760909090909092356e+02
2.675454545454545610e+02 6.760909090909092356e+02
3.130000000000000000e+02 6.760909090909092356e+02
3.584545454545454959e+02 6.760909090909092356e+02
4.039090909090909918e+02 6.760909090909092356e+02
4.493636363636364308e+02 6.760909090909092356e+02
4.948181818181818699e+02 6.760909090909092356e+02
5.402727272727273657e+02 6.760909090909092356e+02
5.857272727272727479e+02 6.760909090909092356e+02
6.311818181818182438e+02 6.760909090909092356e+02
6.766363636363637397e+02 6.760909090909092356e+02
7.220909090909092356e+02 6.760909090909092356e+02
7.675454545454546178e+02 6.760909090909092356e+02
8.130000000000001137e+02 6.760909090909092356e+02
8.584545454545456096e+02 6.760909090909092356e+02
1.766363636363636545e+02 7.215454545454546178e+02
2.220909090909090935e+02 7.215454545454546178e+02
2.675454545454545610e+02 7.215454545454546178e+02
3.130000000000000000e+02 7.215454545454546178e+02
3.584545454545454959e+02 7.215454545454546178e+02
4.039090909090909918e+02 7.215454545454546178e+02
4.493636363636364308e+02 7.215454545454546178e+02
4.948181818181818699e+02 7.215454545454546178e+02
5.402727272727273657e+02 7.215454545454546178e+02
5.857272727272727479e+02 7.215454545454546178e+02
6.311818181818182438e+02 7.215454545454546178e+02
6.766363636363637397e+02 7.215454545454546178e+02
7.220909090909092356e+02 7.215454545454546178e+02
7.675454545454546178e+02 7.215454545454546178e+02
8.130000000000001137e+02 7.215454545454546178e+02
8.584545454545456096e+02 7.215454545454546178e+02
2.220909090909090935e+02 7.670000000000001137e+02
2.675454545454545610e+02 7.670000000000001137e+02
3.130000000000000000e+02 7.670000000000001137e+02
3.584545454545454959e+02 7.670000000000001137e+02
4.039090909090909918e+02 7.670000000000001137e+02
4.493636363636364308e+02 7.670000000000001137e+02
4.948181818181818699e+02 7.670000000000001137e+02
5.402727272727273657e+02 7.670000000000001137e+02
5.857272727272727479e+02 7.670000000000001137e+02
6.311818181818182438e+02 7.670000000000001137e+02
6.766363636363637397e+02 7.670000000000001137e+02
7.220909090909092356e+02 7.670000000000001137e+02
7.675454545454546178e+02 7.670000000000001137e+02
8.130000000000001137e+02 7.670000000000001137e+02
2.675454545454545610e+02 8.124545454545456096e+02
3.130000000000000000e+02 8.124545454545456096e+02
3.584545454545454959e+02 8.124545454545456096e+02
4.039090909090909918e+02 8.124545454545456096e+02
4.493636363636364308e+02 8.124545454545456096e+02
4.948181818181818699e+02 8.124545454545456096e+02
5.402727272727273657e+02 8.124545454545456096e+02
5.857272727272727479e+02 8.124545454545456096e+02
6.311818181818182438e+02 8.124545454545456096e+02
6.766363636363637397e+02 8.124545454545456096e+02
7.220909090909092356e+02 8.124545454545456096e+02
7.675454545454546178e+02 8.124545454545456096e+02
3.584545454545454959e+02 8.579090909090909918e+02
4.039090909090909918e+02 8.579090909090909918e+02
4.493636363636364308e+02 8.579090909090909918e+02
4.948181818181818699e+02 8.579090909090909918e+02
5.402727272727273657e+02 8.579090909090909918e+02
5.857272727272727479e+02 8.579090909090909918e+02
6.311818181818182438e+02 8.579090909090909918e+02
6.766363636363637397e+02 8.579090909090909918e+02
4.948181818181818699e+02 9.033636363636364877e+02
5.402727272727273657e+02 9.033636363636364877e+02
