495.56 38.35
540.73 38.12
359.85 83.95
405.15 84.05
450.39 83.71
495.51 84.22
540.96 84.06
586.33 84.08
632.20 84.60
678.00 84.79
268.63 129.66
313.98 129.80
359.59 129.58
404.85 129.48
450.13 129.46
495.46 129.83
541.20 130.04
586.36 130.01
632.20 129.79
678.39 130.23
723.42 130.71
768.16 130.44
223.24 174.74
268.61 174.70
313.94 174.57
359.29 174.57
404.76 175.13
450.17 175.18
495.80 175.19
540.82 175.09
586.26 175.18
632.35 175.63
678.39 175.06
723.17 174.84
768.03 175.08
813.42 175.34
177.71 219.55
223.09 219.74
268.75 220.14
313.76 219.93
359.34 220.05
404.92 220.26
450.20 220.04
495.50 220.14
540.72 220.37
586.38 220.52
632.21 220.41
677.82 220.10
723.29 219.92
768.43 219.98
813.52 220.34
858.60 220.95
177.99 265.91
223.19 265.69
268.16 265.75
313.45 265.17
359.39 265.37
404.93 265.53
450.55 265.73
495.44 265.66
540.75 265.68
586.34 265.70
632.30 265.47
677.55 265.56
723.38 266.23
768.77 266.12
813.63 266.33
858.58 266.67
131.98 311.69
178.10 312.03
222.99 311.83
267.70 311.48
313.56 311.38
359.34 310.77
404.66 310.91
450.13 310.55
495.53 311.16
540.56 311.31
586.15 311.02
632.26 310.94
677.75 311.48
723.31 312.02
768.80 311.63
814.01 312.06
858.73 312.13
904.71 312.68
132.16 356.61
178.02 356.94
222.86 356.88
267.56 356.89
313.16 356.22
358.97 356.48
404.55 356.08
450.46 356.48
495.63 356.60
540.51 356.53
585.74 356.66
632.42 356.62
678.28 357.06
723.35 357.09
768.48 357.16
813.84 357.22
859.24 357.57
905.01 357.53
131.44 402.15
177.86 401.89
223.00 401.91
267.48 402.45
313.00 402.13
358.95 401.84
404.46 402.09
450.41 402.18
495.74 402.27
540.52 402.63
585.64 402.77
632.49 403.09
678.22 402.58
723.32 402.44
768.90 402.69
813.67 402.86
859.34 402.56
905.10 402.06
83.44 447.40
131.31 446.73
177.87 446.94
223.13 447.41
267.28 447.48
312.90 447.01
358.76 447.59
404.63 447.02
450.56 447.23
496.15 447.91
540.85 447.83
585.90 447.87
632.20 447.85
677.96 448.08
723.21 447.97
768.87 447.96
813.66 447.95
859.11 447.95
905.00 447.46
952.17 447.68
83.03 493.30
130.94 493.22
177.50 492.59
222.81 492.32
267.74 492.92
312.86 493.20
358.38 493.29
404.23 493.01
451.07 492.91
496.30 493.22
540.84 493.41
586.01 493.56
631.91 493.21
678.05 492.99
723.30 493.49
768.39 492.77
813.65 493.00
858.93 493.30
905.33 493.33
952.29 493.67
130.23 538.05
177.18 538.03
222.96 537.65
268.51 538.46
313.21 538.61
357.86 538.51
403.72 538.28
450.97 537.72
496.24 538.65
540.63 539.06
585.68 538.39
631.91 537.95
677.66 538.45
722.97 538.57
768.10 538.30
813.45 538.58
858.87 538.61
905.47 538.22
129.69 584.87
176.91 584.07
222.77 583.56
268.90 583.43
313.33 583.52
357.90 583.69
403.38 584.36
450.81 583.99
496.03 583.18
540.50 582.78
585.87 583.72
632.17 583.95
677.83 584.12
722.81 583.94
767.98 583.98
813.47 584.28
859.03 584.36
905.56 584.91
129.09 630.20
176.24 629.64
222.56 628.86
268.58 628.47
313.55 628.68
358.58 629.32
403.78 630.49
449.50 629.82
494.85 628.23
541.06 627.90
586.68 628.96
632.37 629.60
678.13 629.79
723.05 629.46
768.16 629.76
813.77 630.06
859.26 630.05
905.57 629.91
175.27 674.74
222.06 674.02
268.17 674.20
313.44 674.00
359.31 674.05
404.20 675.05
448.54 674.64
494.14 675.06
541.55 675.08
587.19 675.23
632.31 674.92
677.58 675.07
722.81 674.72
768.48 674.69
814.07 674.70
859.44 675.26
174.54 719.98
221.59 719.67
268.59 719.52
313.89 719.85
359.04 719.89
403.97 720.01
448.89 720.31
495.10 721.15
540.92 721.26
586.93 720.95
631.86 720.68
677.21 720.39
722.23 720.14
768.08 719.68
814.09 719.54
860.51 720.64
221.22 765.68
268.70 765.54
313.97 765.21
359.03 764.95
404.25 765.07
449.27 765.39
495.45 765.50
540.60 766.06
586.60 766.12
631.66 765.67
676.58 765.24
722.18 765.36
767.63 765.67
814.32 765.83
267.73 811.63
313.24 810.50
358.63 810.32
404.18 810.56
449.32 810.27
495.28 810.26
541.00 810.41
586.20 811.00
631.44 810.76
676.53 810.41
722.57 811.11
768.39 811.91
358.24 857.01
403.58 856.73
449.23 856.62
495.04 856.17
541.08 856.46
586.17 856.65
631.29 856.80
676.42 857.08
495.08 903.52
540.84 903.03
