313.94 174.56
359.31 174.58
404.77 175.13
450.17 175.17
495.81 175.19
540.83 175.09
586.26 175.17
632.35 175.63
268.74 220.12
313.76 219.91
359.35 220.05
404.93 220.26
450.20 220.04
495.51 220.14
540.73 220.38
586.36 220.51
632.22 220.41
677.82 220.11
223.20 265.69
268.17 265.75
313.44 265.18
359.40 265.38
404.94 265.53
450.56 265.71
495.45 265.68
540.76 265.70
586.34 265.72
632.30 265.49
677.55 265.58
723.39 266.24
178.11 312.04
222.98 311.83
267.70 311.50
313.56 311.39
359.36 310.79
404.66 310.94
450.13 310.56
495.53 311.17
540.56 311.32
586.15 311.03
632.26 310.96
677.75 311.48
723.32 312.01
768.80 311.66
132.15 356.59
178.03 356.96
222.86 356.88
267.57 356.90
313.16 356.25
358.98 356.51
404.55 356.11
450.45 356.49
495.64 356.60
540.51 356.54
585.74 356.67
632.42 356.63
678.27 357.08
723.35 357.09
768.48 357.16
813.84 357.23
131.45 402.15
177.86 401.90
223.01 401.93
267.48 402.47
313.00 402.13
358.95 401.87
404.47 402.10
450.40 402.19
495.74 402.27
540.52 402.63
585.65 402.78
632.49 403.11
678.22 402.59
723.31 402.43
768.90 402.69
813.68 402.86
131.32 446.75
177.87 446.96
223.14 447.43
267.28 447.48
312.91 447.02
358.77 447.60
404.64 447.03
450.56 447.22
496.15 447.92
540.84 447.83
585.91 447.87
632.19 447.87
677.96 448.10
723.21 447.97
768.88 447.96
813.66 447.94
130.94 493.22
177.50 492.62
222.82 492.30
267.75 492.91
312.87 493.20
358.40 493.33
404.24 493.01
451.07 492.90
496.29 493.23
540.84 493.40
586.01 493.55
631.91 493.22
678.05 493.01
723.31 493.47
768.40 492.78
813.66 493.01
130.24 538.07
177.19 538.04
222.96 537.65
268.52 538.46
313.23 538.61
357.89 538.53
403.73 538.29
450.95 537.71
496.24 538.65
540.63 539.06
585.69 538.39
631.90 537.96
677.66 538.46
722.98 538.57
768.12 538.31
813.45 538.57
129.71 584.88
176.91 584.08
222.77 583.56
268.90 583.43
313.33 583.52
357.93 583.70
403.38 584.35
450.80 583.99
496.03 583.20
540.50 582.77
585.88 583.74
632.17 583.97
677.84 584.12
722.82 583.94
768.00 583.99
813.47 584.27
129.11 630.20
176.25 629.64
222.57 628.87
268.58 628.46
313.54 628.67
358.60 629.33
403.79 630.47
449.50 629.81
494.86 628.23
541.06 627.90
586.67 628.95
632.36 629.61
678.12 629.79
723.06 629.46
768.17 629.77
813.78 630.05
128.69 675.30
175.28 674.74
222.05 674.01
268.16 674.20
313.44 674.02
359.32 674.06
404.21 675.07
448.56 674.65
494.15 675.07
541.53 675.08
587.18 675.23
632.31 674.94
677.60 675.09
722.82 674.72
768.48 674.71
814.07 674.71
174.56 719.98
221.58 719.67
268.59 719.52
313.89 719.84
359.05 719.91
403.98 720.01
448.90 720.30
495.12 721.15
540.94 721.24
586.94 720.94
631.87 720.68
677.22 720.39
722.25 720.15
768.09 719.70
221.22 765.67
268.70 765.54
313.98 765.21
359.04 764.97
404.25 765.09
449.28 765.41
495.45 765.51
540.61 766.06
586.62 766.11
631.67 765.69
676.61 765.25
722.19 765.38
267.73 811.63
313.24 810.51
358.65 810.38
404.18 810.58
449.33 810.30
495.29 810.29
541.01 810.43
586.20 811.04
631.46 810.78
676.55 810.42
312.20 857.37
358.26 857.04
403.59 856.76
449.24 856.65
495.05 856.20
541.09 856.47
586.16 856.67
631.31 856.82
