495.48 38.58
540.82 38.35
359.79 84.21
405.09 84.37
450.40 84.11
495.50 84.58
541.02 84.46
586.35 84.38
632.17 84.92
677.95 85.09
268.69 129.85
313.94 129.96
359.52 129.85
404.91 129.85
450.16 129.84
495.44 130.15
541.19 130.42
586.37 130.32
632.13 130.13
678.33 130.55
723.40 131.01
768.20 130.65
223.30 175.06
268.70 174.99
314.00 174.80
359.29 174.83
404.75 175.38
450.21 175.45
495.80 175.43
540.80 175.36
586.25 175.44
632.28 175.82
678.34 175.40
723.13 175.18
768.07 175.41
813.41 175.65
177.71 219.87
223.11 220.12
268.74 220.45
313.76 220.20
359.34 220.31
404.80 220.48
450.20 220.23
495.52 220.32
540.76 220.58
586.41 220.65
632.24 220.66
677.79 220.40
723.26 220.16
768.42 220.33
813.51 220.68
858.64 221.22
178.00 266.21
223.22 265.96
268.17 266.06
313.45 265.41
359.39 265.62
404.80 265.73
450.48 265.87
495.38 265.79
540.80 265.79
586.46 265.84
632.31 265.71
677.48 265.82
723.40 266.42
768.81 266.37
813.67 266.63
858.63 266.90
131.97 311.87
178.07 312.18
222.95 311.86
267.74 311.56
313.52 311.53
359.38 310.93
404.64 311.06
450.10 310.70
495.48 311.25
540.61 311.43
586.23 311.16
632.25 311.07
677.71 311.56
723.34 312.15
768.80 311.82
814.08 312.25
858.72 312.22
904.74 312.75
132.04 356.75
177.88 357.09
222.83 356.97
267.64 357.02
313.16 356.35
358.94 356.58
404.55 356.21
450.41 356.52
495.58 356.67
540.55 356.61
585.86 356.73
632.45 356.70
678.27 357.16
723.36 357.19
768.52 357.24
813.95 357.37
859.23 357.70
905.05 357.71
131.42 402.28
177.74 402.03
222.91 402.02
267.52 402.48
313.01 402.17
358.89 401.91
404.41 402.16
450.33 402.22
495.67 402.26
540.54 402.57
585.81 402.73
632.43 403.04
678.22 402.58
723.30 402.45
768.94 402.68
813.78 402.88
859.33 402.70
905.18 402.33
83.48 447.54
131.25 446.89
177.70 447.07
222.97 447.45
267.28 447.48
312.92 447.01
358.73 447.59
404.59 447.07
450.46 447.25
496.02 447.85
540.84 447.75
586.04 447.84
632.23 447.82
677.92 448.03
723.22 448.01
768.93 447.96
813.79 447.98
859.21 447.99
905.10 447.65
952.13 447.80
83.05 493.31
130.82 493.24
177.33 492.70
222.66 492.35
267.62 492.92
312.84 493.16
358.32 493.26
404.20 492.94
450.92 492.83
496.15 493.17
540.82 493.32
586.10 493.46
631.91 493.16
678.03 492.99
723.35 493.54
768.50 492.86
813.79 493.11
859.08 493.42
905.43 493.41
952.29 493.79
130.23 538.11
177.03 538.12
222.76 537.70
268.31 538.41
313.16 538.49
357.87 538.46
403.72 538.24
450.82 537.71
496.10 538.58
540.69 538.94
585.75 538.35
631.96 537.93
677.67 538.41
722.99 538.57
768.20 538.32
813.62 538.64
859.05 538.68
905.48 538.31
129.75 584.81
176.77 584.14
222.65 583.57
268.67 583.42
313.27 583.55
357.95 583.69
403.41 584.26
450.64 583.91
495.97 583.22
540.59 582.91
585.95 583.67
632.16 583.96
677.89 584.02
722.92 583.98
768.17 583.97
813.64 584.26
859.16 584.32
905.60 584.83
129.13 630.02
176.16 629.64
222.37 628.94
268.33 628.51
313.41 628.66
358.54 629.28
403.76 630.35
449.44 629.75
494.87 628.32
541.04 627.98
586.68 628.98
632.39 629.58
678.12 629.77
723.14 629.45
768.31 629.82
813.91 630.06
859.39 630.03
905.63 629.88
175.30 674.70
221.92 673.98
267.95 674.22
313.23 673.98
359.22 673.98
404.12 674.97
448.58 674.57
494.21 675.00
541.47 674.98
587.15 675.17
632.32 674.91
677.60 675.03
722.91 674.73
768.56 674.71
814.18 674.76
859.55 675.28
174.60 719.98
221.47 719.71
268.35 719.55
313.71 719.86
358.92 719.87
403.89 719.97
448.94 720.20
495.05 721.03
540.92 721.02
586.95 720.80
631.94 720.59
677.35 720.31
722.43 720.20
768.20 719.79
814.19 719.68
860.54 720.72
221.08 765.69
268.50 765.55
313.77 765.25
358.90 765.00
404.15 765.14
449.28 765.37
495.36 765.46
540.57 765.97
586.60 766.06
631.75 765.72
676.79 765.33
722.35 765.49
767.82 765.73
814.40 765.94
267.53 811.65
313.11 810.63
358.53 810.43
404.05 810.62
449.29 810.27
495.27 810.30
540.97 810.42
586.21 811.01
631.61 810.81
676.81 810.50
722.74 811.20
768.59 811.92
358.12 857.09
403.47 856.82
449.19 856.74
495.01 856.31
541.08 856.55
586.11 856.78
631.48 856.95
676.70 857.15
495.04 903.72
540.84 903.18
