495.54 38.11
540.67 37.84
359.82 83.69
405.20 83.85
450.37 83.48
495.57 83.98
540.84 83.76
586.35 83.89
632.11 84.34
677.95 84.65
268.57 129.49
314.00 129.69
359.49 129.47
404.84 129.26
450.05 129.17
495.46 129.58
541.27 129.83
586.44 129.93
632.28 129.53
678.45 130.07
723.34 130.57
768.05 130.23
223.19 174.41
268.54 174.39
313.92 174.32
359.19 174.31
404.75 174.95
450.13 174.95
495.87 175.05
540.79 174.89
586.33 174.91
632.44 175.42
678.48 174.79
723.14 174.50
767.82 174.84
813.29 175.08
177.74 219.25
223.05 219.43
268.75 219.89
313.77 219.62
359.23 219.76
404.93 219.98
450.16 219.74
495.48 219.86
540.74 220.10
586.24 220.09
632.25 220.14
677.77 219.84
723.20 219.58
768.30 219.75
813.46 220.06
858.47 220.75
177.91 265.67
223.17 265.43
268.11 265.43
313.35 264.87
359.34 265.04
404.95 265.29
450.60 265.43
495.33 265.36
540.74 265.42
586.32 265.34
632.32 265.15
677.54 265.26
723.45 265.90
768.68 265.86
813.52 266.10
858.44 266.44
131.91 311.44
178.02 311.85
222.99 311.61
267.56 311.25
313.53 311.08
359.25 310.47
404.64 310.56
450.10 310.12
495.40 310.93
540.51 311.11
586.12 310.75
632.21 310.59
677.73 311.08
723.25 311.76
768.82 311.36
814.06 311.74
858.71 311.88
904.61 312.52
132.16 356.31
178.05 356.77
222.85 356.66
267.37 356.72
313.12 355.96
358.90 356.19
404.53 355.64
450.48 356.17
495.58 356.32
540.48 356.26
585.65 356.34
632.44 356.29
678.25 356.79
723.29 356.82
768.49 356.88
813.77 356.96
859.20 357.31
904.94 357.33
131.33 401.90
177.90 401.59
222.98 401.73
267.40 402.30
312.84 401.92
358.91 401.60
404.41 401.85
450.45 402.00
495.77 402.01
540.49 402.41
585.53 402.55
632.58 402.85
678.27 402.35
723.23 402.16
768.96 402.51
813.61 402.52
859.39 402.25
905.03 401.73
83.02 447.17
131.22 446.40
177.91 446.64
223.22 447.10
267.11 447.27
312.78 446.84
358.64 447.38
404.53 446.80
450.57 447.00
496.23 447.66
540.83 447.65
585.85 447.58
632.22 447.60
678.05 447.82
723.29 447.64
768.77 447.65
813.59 447.73
859.13 447.64
904.90 447.19
952.40 447.40
82.40 493.03
130.87 493.01
177.56 492.30
222.82 492.01
267.72 492.62
312.77 493.00
358.32 493.05
404.19 492.77
451.14 492.65
496.39 492.95
540.87 493.21
585.92 493.37
631.79 492.92
678.10 492.74
723.28 493.17
768.29 492.49
813.53 492.65
858.87 493.01
905.30 493.01
952.51 493.42
130.02 537.75
177.17 537.75
222.87 537.35
268.57 538.20
313.11 538.40
357.65 538.23
403.63 537.97
450.97 537.36
496.30 538.45
540.58 538.83
585.53 538.09
631.80 537.71
677.58 538.14
722.92 538.36
768.02 538.03
813.33 538.21
858.79 538.25
905.43 537.88
129.60 584.74
176.94 583.76
222.74 583.30
268.96 583.15
313.28 583.25
357.73 583.46
403.24 584.19
450.91 583.80
496.14 582.81
540.43 582.30
585.74 583.42
632.15 583.72
677.83 583.90
722.75 583.68
767.85 583.64
813.31 583.97
858.97 584.15
905.54 584.71
128.93 630.08
176.11 629.38
222.53 628.58
268.55 628.22
313.48 628.43
358.48 629.14
403.74 630.33
449.36 629.59
494.74 627.77
541.06 627.48
586.69 628.67
632.49 629.34
678.25 629.51
723.04 629.23
768.05 629.46
813.71 629.81
859.21 629.80
905.67 629.63
175.10 674.49
221.98 673.72
268.18 673.85
313.41 673.67
359.27 673.76
404.14 674.77
448.30 674.38
493.82 674.80
541.73 674.85
587.27 675.04
632.31 674.62
677.50 674.81
722.79 674.45
768.33 674.38
814.02 674.41
859.41 675.07
174.25 719.77
221.45 719.41
268.55 719.18
313.82 719.54
358.99 719.61
403.93 719.70
448.74 720.00
495.01 720.99
541.05 721.14
587.01 720.71
631.86 720.40
677.11 720.13
722.13 719.88
767.92 719.41
814.05 719.12
860.69 720.38
221.04 765.34
268.62 765.29
313.96 764.98
358.96 764.64
404.23 764.78
449.22 765.15
495.54 765.15
540.58 765.80
586.67 765.83
631.57 765.40
676.44 764.96
722.05 765.05
767.53 765.37
814.28 765.53
267.62 811.45
313.13 810.17
358.52 809.88
404.09 810.14
449.33 809.83
495.30 809.79
541.14 809.99
586.34 810.52
631.44 810.42
676.50 810.13
722.52 810.77
768.30 811.63
358.12 856.77
403.45 856.41
449.20 856.31
495.04 855.71
541.29 856.06
586.23 856.26
631.26 856.45
676.25 856.77
495.04 903.32
540.99 902.89
