495.55 38.39
540.73 38.12
359.82 83.98
405.17 84.08
450.42 83.71
495.52 84.22
540.95 84.05
586.33 84.08
632.14 84.59
677.96 84.82
268.62 129.69
313.96 129.81
359.55 129.58
404.86 129.50
450.12 129.45
495.46 129.80
541.18 130.02
586.36 130.02
632.19 129.79
678.37 130.26
723.41 130.73
768.12 130.46
223.24 174.73
268.63 174.70
313.94 174.59
359.25 174.57
404.74 175.14
450.15 175.17
495.82 175.17
540.84 175.07
586.25 175.18
632.34 175.64
678.40 175.08
723.17 174.84
767.99 175.08
813.35 175.37
177.70 219.51
223.07 219.71
268.75 220.13
313.75 219.91
359.31 220.05
404.89 220.25
450.17 220.03
495.49 220.13
540.72 220.34
586.38 220.49
632.21 220.40
677.85 220.12
723.27 219.93
768.39 219.99
813.48 220.35
858.54 220.98
177.97 265.91
223.20 265.66
268.19 265.71
313.45 265.16
359.34 265.36
404.90 265.55
450.53 265.72
495.41 265.62
540.77 265.66
586.38 265.67
632.31 265.47
677.54 265.54
723.35 266.20
768.76 266.12
813.59 266.34
858.53 266.69
131.97 311.67
178.07 312.03
222.97 311.81
267.72 311.44
313.53 311.34
359.32 310.73
404.63 310.89
450.11 310.53
495.52 311.16
540.57 311.32
586.15 311.01
632.25 310.91
677.74 311.42
723.32 311.97
768.80 311.62
813.99 312.03
858.71 312.11
904.71 312.71
132.11 356.62
178.01 356.97
222.86 356.87
267.54 356.90
313.16 356.22
358.95 356.48
404.51 356.08
450.45 356.50
495.64 356.62
540.52 356.54
585.74 356.67
632.42 356.61
678.26 357.05
723.34 357.08
768.49 357.15
813.86 357.22
859.25 357.57
905.02 357.54
131.42 402.14
177.85 401.90
222.98 401.92
267.47 402.47
312.99 402.16
358.95 401.86
404.44 402.10
450.42 402.19
495.75 402.29
540.54 402.61
585.64 402.75
632.49 403.08
678.21 402.58
723.30 402.48
768.89 402.72
813.68 402.87
859.37 402.56
905.09 402.05
83.40 447.40
131.30 446.75
177.84 446.95
223.13 447.43
267.30 447.50
312.91 447.02
358.74 447.60
404.62 447.05
450.57 447.23
496.16 447.92
540.82 447.84
585.90 447.89
632.21 447.91
677.97 448.09
723.22 448.01
768.83 447.97
813.66 447.95
859.10 447.93
904.97 447.47
952.13 447.67
83.01 493.28
130.91 493.20
177.48 492.58
222.81 492.29
267.78 492.92
312.86 493.21
358.36 493.28
404.22 493.00
451.08 492.91
496.32 493.24
540.82 493.40
585.98 493.56
631.89 493.23
678.05 493.01
723.28 493.47
768.33 492.78
813.62 493.00
858.91 493.29
905.32 493.34
952.25 493.66
130.22 538.04
177.16 538.05
222.96 537.64
268.52 538.46
313.21 538.61
357.83 538.48
403.68 538.27
450.98 537.73
496.26 538.65
540.64 539.05
585.66 538.41
631.91 537.97
677.63 538.45
722.97 538.61
768.06 538.29
813.41 538.58
858.84 538.61
905.44 538.24
129.71 584.88
176.90 584.08
222.79 583.59
268.90 583.42
313.33 583.51
357.89 583.68
403.35 584.37
450.81 584.00
496.06 583.18
540.51 582.74
585.86 583.71
632.17 583.99
677.85 584.13
722.80 583.96
767.95 583.97
813.47 584.29
859.03 584.38
905.55 584.94
129.08 630.22
176.20 629.67
222.58 628.88
268.58 628.46
313.55 628.68
358.57 629.34
403.75 630.51
449.48 629.82
494.85 628.22
541.07 627.89
586.70 628.96
632.38 629.62
678.14 629.81
723.02 629.50
768.11 629.78
813.77 630.08
859.25 630.06
905.57 629.92
175.26 674.75
222.04 674.02
268.17 674.22
313.44 674.02
359.29 674.05
404.18 675.06
448.48 674.64
494.10 675.07
541.57 675.09
587.24 675.25
632.32 674.94
677.56 675.06
722.80 674.72
768.40 674.70
814.01 674.70
859.43 675.26
174.52 719.99
221.59 719.70
268.58 719.54
313.86 719.87
359.03 719.88
403.98 720.03
448.88 720.31
495.11 721.19
540.96 721.28
586.94 720.98
631.85 720.69
677.21 720.37
722.22 720.13
768.02 719.70
814.05 719.55
860.51 720.65
221.19 765.70
268.68 765.56
313.94 765.22
359.00 764.96
404.23 765.06
449.29 765.38
495.48 765.46
540.60 766.03
586.61 766.10
631.64 765.69
676.56 765.24
722.15 765.36
767.62 765.68
814.28 765.84
267.68 811.64
313.19 810.49
358.61 810.30
404.15 810.52
449.33 810.22
495.31 810.18
541.01 810.35
586.22 810.95
631.43 810.77
676.50 810.40
722.55 811.12
768.36 811.90
358.20 857.01
403.53 856.69
449.23 856.57
495.07 856.10
541.12 856.42
586.19 856.63
631.30 856.79
676.38 857.06
495.09 903.50
540.88 903.03
