495.54 38.37
540.75 38.12
359.85 83.95
405.17 84.09
450.39 83.73
495.51 84.25
540.95 84.06
586.36 84.11
632.20 84.62
678.01 84.80
268.65 129.65
313.98 129.79
359.60 129.56
404.88 129.49
450.13 129.46
495.46 129.84
541.21 130.06
586.37 130.06
632.21 129.80
678.38 130.23
723.45 130.71
768.14 130.43
223.25 174.75
268.65 174.70
313.94 174.57
359.32 174.57
404.79 175.14
450.18 175.17
495.82 175.21
540.85 175.10
586.27 175.18
632.36 175.63
678.39 175.07
723.17 174.85
768.04 175.09
813.42 175.34
177.71 219.56
223.07 219.74
268.76 220.14
313.77 219.94
359.36 220.04
404.93 220.25
450.19 220.04
495.50 220.16
540.72 220.39
586.36 220.50
632.24 220.39
677.84 220.13
723.29 219.91
768.46 219.99
813.52 220.35
858.60 220.97
177.98 265.92
223.20 265.68
268.19 265.73
313.44 265.18
359.38 265.37
404.93 265.54
450.57 265.73
495.43 265.67
540.76 265.71
586.35 265.70
632.30 265.49
677.55 265.57
723.38 266.28
768.76 266.13
813.62 266.36
858.56 266.69
131.97 311.68
178.11 312.02
222.96 311.81
267.71 311.48
313.57 311.39
359.37 310.80
404.66 310.94
450.13 310.57
495.53 311.19
540.56 311.34
586.14 311.02
632.25 310.95
677.75 311.47
723.32 312.04
768.80 311.67
814.02 312.08
858.73 312.15
904.72 312.67
132.16 356.60
178.05 356.96
222.89 356.89
267.56 356.91
313.18 356.27
358.94 356.50
404.55 356.10
450.45 356.51
495.66 356.61
540.55 356.55
585.75 356.68
632.40 356.62
678.26 357.07
723.32 357.10
768.48 357.18
813.85 357.23
859.24 357.57
905.00 357.54
131.46 402.14
177.88 401.89
223.03 401.92
267.50 402.45
313.00 402.15
358.94 401.85
404.47 402.09
450.40 402.16
495.76 402.28
540.57 402.60
585.64 402.75
632.48 403.10
678.23 402.57
723.31 402.45
768.89 402.71
813.68 402.85
859.35 402.57
905.08 402.05
83.45 447.41
131.31 446.75
177.88 446.96
223.16 447.43
267.29 447.48
312.91 447.01
358.78 447.59
404.63 447.04
450.54 447.22
496.16 447.92
540.86 447.82
585.92 447.86
632.19 447.90
677.97 448.09
723.24 447.99
768.87 447.95
813.67 447.95
859.10 447.94
905.01 447.48
952.16 447.71
83.01 493.27
130.95 493.21
177.49 492.61
222.82 492.31
267.78 492.91
312.89 493.17
358.41 493.29
404.25 493.01
451.06 492.90
496.28 493.25
540.87 493.40
586.01 493.54
631.90 493.22
678.02 492.99
723.31 493.46
768.38 492.76
813.66 493.01
858.93 493.31
905.33 493.35
952.27 493.67
130.23 538.04
177.18 538.04
222.96 537.67
268.51 538.47
313.24 538.59
357.88 538.47
403.74 538.29
450.97 537.77
496.22 538.68
540.65 539.05
585.71 538.41
631.90 537.97
677.63 538.44
723.01 538.59
768.13 538.31
813.47 538.58
858.88 538.61
905.45 538.23
129.73 584.85
176.90 584.06
222.78 583.57
268.89 583.44
313.33 583.51
357.95 583.66
403.38 584.33
450.80 584.02
496.04 583.22
540.50 582.77
585.89 583.72
632.17 583.95
677.81 584.10
722.82 583.96
768.00 583.98
813.49 584.28
859.02 584.36
905.52 584.89
129.14 630.17
176.24 629.61
222.59 628.86
268.55 628.45
313.56 628.67
358.62 629.31
403.80 630.46
449.51 629.79
494.86 628.21
541.05 627.89
586.66 628.95
632.39 629.60
678.13 629.79
723.06 629.47
768.15 629.77
813.79 630.05
859.25 630.02
905.52 629.88
175.31 674.72
222.04 674.00
268.17 674.21
313.44 674.01
359.32 674.06
404.23 675.07
448.55 674.61
494.13 675.03
541.54 675.06
587.19 675.21
632.33 674.91
677.58 675.06
722.83 674.72
768.46 674.71
814.03 674.70
859.42 675.27
174.56 719.96
221.60 719.66
268.59 719.51
313.89 719.86
359.06 719.87
403.99 720.02
448.90 720.28
495.12 721.12
540.96 721.22
586.92 720.94
631.88 720.66
677.22 720.37
722.28 720.14
768.07 719.69
814.07 719.55
860.48 720.68
221.25 765.68
268.70 765.54
313.99 765.21
359.04 764.96
404.25 765.09
449.30 765.40
495.48 765.51
540.60 766.04
586.61 766.11
631.67 765.68
676.64 765.27
722.19 765.39
767.64 765.70
814.28 765.84
267.75 811.61
313.25 810.51
358.65 810.34
404.18 810.59
449.35 810.30
495.29 810.28
540.98 810.40
586.20 811.01
631.51 810.81
676.57 810.42
722.58 811.10
768.41 811.92
358.27 857.05
403.56 856.77
449.25 856.63
495.02 856.17
541.09 856.48
586.15 856.65
631.33 856.82
676.44 857.09
495.06 903.53
540.84 903.04
