495.53 38.11
540.67 37.85
359.86 83.63
405.22 83.82
450.35 83.48
495.54 84.00
540.85 83.80
586.37 83.90
632.15 84.36
677.97 84.60
268.63 129.43
314.05 129.63
359.54 129.42
404.85 129.22
450.08 129.14
495.46 129.59
541.30 129.85
586.44 129.93
632.29 129.52
678.47 130.01
723.38 130.54
768.08 130.17
223.22 174.43
268.58 174.38
313.96 174.29
359.25 174.27
404.81 174.92
450.16 174.92
495.86 175.06
540.79 174.90
586.32 174.89
632.44 175.38
678.48 174.76
723.15 174.50
767.87 174.83
813.31 175.06
177.75 219.29
223.05 219.48
268.76 219.91
313.79 219.62
359.29 219.75
404.96 219.96
450.20 219.71
495.48 219.86
540.75 220.12
586.22 220.07
632.28 220.11
677.78 219.83
723.21 219.56
768.34 219.74
813.48 220.05
858.53 220.72
177.95 265.68
223.18 265.46
268.09 265.48
313.36 264.91
359.40 265.06
404.97 265.29
450.65 265.42
495.33 265.38
540.72 265.44
586.34 265.37
632.31 265.17
677.54 265.28
723.49 265.94
768.69 265.86
813.54 266.12
858.46 266.42
131.92 311.41
178.07 311.83
223.00 311.60
267.55 311.27
313.56 311.13
359.31 310.52
404.67 310.59
450.13 310.14
495.42 310.94
540.50 311.12
586.11 310.78
632.22 310.61
677.72 311.11
723.27 311.81
768.83 311.38
814.09 311.78
858.70 311.88
904.60 312.46
132.19 356.29
178.06 356.76
222.89 356.68
267.40 356.73
313.15 355.98
358.90 356.22
404.59 355.67
450.49 356.18
495.58 356.31
540.49 356.29
585.66 356.38
632.45 356.31
678.25 356.82
723.28 356.83
768.49 356.89
813.75 356.98
859.15 357.30
904.92 357.32
131.37 401.88
177.94 401.58
223.02 401.72
267.44 402.27
312.85 401.90
358.92 401.59
404.44 401.85
450.45 401.97
495.79 402.00
540.51 402.38
585.56 402.55
632.57 402.85
678.27 402.32
723.23 402.12
768.99 402.49
813.60 402.49
859.34 402.25
905.03 401.76
83.06 447.16
131.24 446.40
177.93 446.64
223.22 447.09
267.11 447.24
312.79 446.81
358.68 447.37
404.54 446.77
450.57 446.98
496.23 447.65
540.88 447.63
585.89 447.56
632.21 447.57
678.03 447.82
723.29 447.63
768.80 447.64
813.61 447.72
859.14 447.65
904.92 447.22
952.41 447.43
82.43 493.02
130.92 493.02
177.56 492.33
222.83 492.02
267.70 492.62
312.80 492.98
358.35 493.05
404.23 492.77
451.13 492.63
496.39 492.93
540.91 493.21
585.96 493.36
631.79 492.89
678.08 492.73
723.29 493.20
768.33 492.50
813.55 492.67
858.88 493.03
905.32 493.03
952.52 493.43
130.06 537.77
177.18 537.73
222.86 537.37
268.55 538.21
313.13 538.37
357.71 538.23
403.68 537.99
450.96 537.39
496.28 538.45
540.57 538.83
585.58 538.09
631.79 537.71
677.55 538.14
722.91 538.34
768.02 538.03
813.38 538.23
858.84 538.26
905.42 537.87
129.64 584.72
176.95 583.76
222.73 583.29
268.95 583.16
313.30 583.29
357.80 583.47
403.29 584.17
450.90 583.80
496.13 582.83
540.44 582.34
585.77 583.42
632.13 583.69
677.80 583.87
722.75 583.68
767.89 583.64
813.32 583.97
858.96 584.12
905.50 584.66
128.98 630.04
176.15 629.36
222.53 628.59
268.54 628.19
313.50 628.44
358.53 629.14
403.80 630.31
449.41 629.58
494.75 627.76
541.07 627.51
586.66 628.67
632.48 629.33
678.22 629.50
723.07 629.21
768.08 629.45
813.71 629.79
859.22 629.79
905.67 629.60
175.16 674.47
222.00 673.70
268.17 673.84
313.42 673.67
359.31 673.79
404.18 674.78
448.36 674.36
493.87 674.78
541.70 674.82
587.22 675.01
632.31 674.59
677.50 674.81
722.79 674.44
768.38 674.39
814.03 674.43
859.41 675.09
174.33 719.75
221.48 719.39
268.56 719.12
313.84 719.56
359.03 719.62
403.93 719.70
448.77 719.98
495.00 720.94
541.03 721.08
586.99 720.67
631.86 720.37
677.12 720.12
722.17 719.90
767.94 719.42
814.06 719.13
860.68 720.42
221.09 765.33
268.66 765.28
314.01 764.97
359.01 764.66
404.25 764.82
449.23 765.17
495.50 765.17
540.57 765.80
586.67 765.83
631.58 765.38
676.50 764.97
722.08 765.08
767.53 765.38
814.27 765.52
267.68 811.44
313.21 810.21
358.58 809.92
404.11 810.20
449.33 809.92
495.28 809.88
541.11 810.02
586.32 810.58
631.49 810.44
676.57 810.14
722.57 810.75
768.33 811.62
358.22 856.80
403.50 856.48
449.22 856.39
495.01 855.75
541.23 856.10
586.16 856.27
631.28 856.43
676.30 856.78
495.01 903.29
540.91 902.85
