495.56 38.35
540.73 38.11
359.86 83.95
405.15 84.06
450.39 83.71
495.51 84.24
540.95 84.04
586.33 84.08
632.20 84.60
678.01 84.80
268.62 129.64
313.98 129.81
359.59 129.58
404.85 129.48
450.14 129.46
495.46 129.84
541.20 130.04
586.36 130.02
632.20 129.80
678.39 130.24
723.42 130.70
768.16 130.44
223.24 174.73
268.61 174.69
313.94 174.58
359.30 174.57
404.76 175.13
450.17 175.19
495.81 175.21
540.81 175.08
586.26 175.16
632.35 175.63
678.39 175.08
723.18 174.84
768.03 175.08
813.42 175.33
177.71 219.57
223.08 219.73
268.74 220.12
313.76 219.94
359.35 220.06
404.93 220.27
450.20 220.04
495.50 220.14
540.72 220.37
586.37 220.51
632.21 220.41
677.82 220.11
723.28 219.90
768.44 219.98
813.52 220.33
858.60 220.95
178.00 265.92
223.19 265.69
268.16 265.76
313.45 265.18
359.40 265.38
404.93 265.54
450.55 265.72
495.45 265.67
540.75 265.68
586.34 265.71
632.30 265.49
677.55 265.56
723.38 266.23
768.77 266.13
813.63 266.34
858.58 266.67
131.98 311.68
178.11 312.05
222.99 311.84
267.70 311.49
313.56 311.40
359.35 310.79
404.65 310.94
450.14 310.57
495.54 311.18
540.56 311.31
586.15 311.02
632.26 310.95
677.75 311.48
723.32 312.01
768.81 311.64
814.01 312.06
858.73 312.13
904.70 312.67
132.16 356.60
178.02 356.96
222.86 356.88
267.57 356.89
313.16 356.24
358.98 356.50
404.54 356.09
450.47 356.49
495.64 356.60
540.51 356.53
585.74 356.66
632.43 356.63
678.27 357.07
723.35 357.09
768.48 357.16
813.83 357.22
859.24 357.58
905.00 357.53
131.45 402.15
177.86 401.91
223.00 401.92
267.48 402.46
313.00 402.14
358.96 401.87
404.46 402.10
450.41 402.20
495.75 402.29
540.51 402.62
585.65 402.78
632.49 403.10
678.22 402.59
723.32 402.45
768.90 402.69
813.67 402.86
859.34 402.57
905.09 402.05
83.44 447.40
131.31 446.74
177.87 446.97
223.13 447.42
267.28 447.49
312.91 447.03
358.76 447.60
404.64 447.03
450.56 447.24
496.14 447.92
540.84 447.83
585.90 447.87
632.20 447.87
677.96 448.09
723.20 447.97
768.88 447.97
813.65 447.94
859.12 447.94
905.00 447.45
952.17 447.68
83.02 493.29
130.94 493.22
177.50 492.62
222.81 492.30
267.74 492.92
312.87 493.21
358.39 493.33
404.23 493.01
451.07 492.91
496.29 493.23
540.84 493.41
586.01 493.56
631.92 493.22
678.05 493.01
723.30 493.48
768.39 492.78
813.66 493.00
858.93 493.31
905.34 493.31
952.29 493.67
130.23 538.05
177.18 538.03
222.96 537.64
268.51 538.44
313.22 538.62
357.89 538.54
403.72 538.29
450.96 537.71
496.24 538.66
540.62 539.05
585.68 538.39
631.91 537.95
677.66 538.46
722.97 538.56
768.11 538.31
813.44 538.56
858.88 538.59
905.47 538.22
129.69 584.86
176.91 584.08
222.77 583.56
268.90 583.41
313.33 583.52
357.92 583.71
403.38 584.37
450.80 583.99
496.03 583.21
540.50 582.77
585.88 583.73
632.17 583.96
677.84 584.13
722.81 583.94
767.99 583.99
813.47 584.27
859.03 584.37
905.56 584.90
129.10 630.20
176.24 629.64
222.56 628.86
268.59 628.46
313.55 628.68
358.60 629.34
403.79 630.48
449.49 629.82
494.85 628.23
541.06 627.88
586.68 628.97
632.36 629.60
678.12 629.79
723.05 629.46
768.17 629.77
813.77 630.06
859.27 630.05
905.57 629.90
175.27 674.75
222.06 674.01
268.16 674.20
313.45 674.01
359.32 674.05
404.20 675.06
448.55 674.65
494.16 675.07
541.55 675.07
587.19 675.24
632.30 674.93
677.59 675.08
722.81 674.72
768.48 674.71
814.07 674.70
859.43 675.26
174.55 719.99
221.58 719.67
268.59 719.49
313.89 719.87
359.04 719.90
403.97 720.01
448.89 720.31
495.11 721.15
540.92 721.24
586.94 720.95
631.86 720.68
677.22 720.39
722.24 720.15
768.08 719.70
814.09 719.54
860.51 720.64
221.21 765.67
268.69 765.52
313.97 765.23
359.03 764.97
404.25 765.07
449.27 765.40
495.45 765.51
540.60 766.06
586.61 766.12
631.67 765.69
676.59 765.24
722.18 765.37
767.63 765.69
814.33 765.82
267.73 811.63
313.23 810.51
358.64 810.35
404.18 810.57
449.33 810.29
495.29 810.29
541.01 810.42
586.20 811.03
631.45 810.77
676.54 810.42
722.57 811.11
768.40 811.94
358.25 857.04
403.58 856.74
449.24 856.64
495.05 856.20
541.09 856.45
586.16 856.66
631.30 856.82
676.43 857.09
495.08 903.54
540.84 903.03
