495.540 38.450
540.170 37.960
359.770 83.640
404.770 83.710
450.390 83.360
495.620 84.110
540.740 83.750
586.590 83.660
632.460 84.070
677.860 83.780
268.830 129.020
313.900 128.420
359.470 128.350
405.180 128.860
450.090 128.700
495.550 129.140
540.610 129.190
586.500 128.790
632.200 128.850
677.990 128.800
723.100 129.260
768.320 129.580
223.160 174.190
268.410 174.050
314.050 173.870
359.390 174.180
404.690 174.200
450.230 174.360
495.560 174.420
540.730 174.130
586.500 174.360
631.910 174.640
677.730 174.490
722.920 174.610
768.560 174.460
814.030 174.640
177.310 219.160
222.890 219.420
268.510 219.410
313.710 219.480
359.320 219.890
404.440 219.650
450.210 219.570
495.510 219.470
540.770 219.730
586.620 219.680
632.220 219.850
677.610 219.770
723.330 219.980
768.700 219.940
813.950 219.720
858.740 220.070
177.430 265.120
222.810 264.880
268.200 265.090
313.780 264.840
359.260 264.970
404.570 264.970
450.200 265.230
495.600 265.010
541.060 265.290
586.620 265.260
632.210 265.200
677.520 265.320
723.060 265.470
768.520 265.550
813.870 265.550
858.970 265.520
132.160 310.630
177.320 310.710
222.910 310.350
268.200 310.560
313.760 310.620
359.230 310.330
404.540 310.550
450.110 310.360
495.560 310.680
540.920 310.720
586.500 310.830
632.000 310.960
677.480 310.990
723.040 311.160
768.510 310.900
813.890 311.290
858.840 311.100
904.500 311.190
132.060 356.000
177.130 356.010
222.620 355.870
268.220 356.110
313.680 355.690
359.160 356.030
404.570 356.040
450.020 355.950
495.510 356.190
541.050 355.970
586.430 356.190
631.940 356.290
677.530 356.410
723.030 356.410
768.390 356.230
814.010 356.370
858.980 356.540
904.500 356.480
131.830 401.340
177.220 401.320
222.740 401.350
268.210 401.570
313.490 401.520
359.120 401.570
404.490 401.600
450.010 401.510
495.390 401.660
540.880 401.780
586.400 401.620
631.950 401.860
677.400 401.770
722.910 401.840
768.480 401.760
813.820 402.080
858.960 402.030
904.720 401.620
85.910 446.670
131.830 446.690
177.160 446.720
222.580 446.750
268.210 446.860
313.540 446.580
359.060 447.170
404.470 447.080
449.880 447.080
495.380 447.240
540.910 447.040
586.480 447.270
631.940 447.230
677.360 447.270
722.810 447.380
768.370 447.370
813.860 447.580
858.900 447.450
904.720 447.390
949.890 447.230
85.960 492.230
131.740 492.390
176.970 492.330
222.570 492.270
268.040 492.390
313.350 492.260
359.070 492.530
404.370 492.550
450.050 492.590
495.470 492.610
540.840 492.750
586.390 492.750
631.820 492.720
677.390 492.570
722.740 492.720
768.230 492.430
813.820 492.840
858.890 493.030
904.770 492.940
949.820 492.750
131.670 537.630
176.990 537.810
222.570 537.630
267.970 537.860
313.470 537.520
358.980 537.880
404.350 537.970
449.840 537.630
495.260 538.110
540.850 538.300
586.310 538.160
631.880 538.090
677.190 538.300
722.670 538.210
768.250 538.000
813.670 538.350
858.780 538.320
904.430 538.020
131.710 583.200
177.060 583.390
222.470 583.190
267.900 583.160
313.570 583.360
359.010 583.230
404.370 583.370
449.800 583.270
495.380 583.400
540.780 583.380
586.370 583.580
631.820 583.320
677.190 583.540
722.600 583.730
768.370 583.750
813.650 583.820
858.830 583.740
904.270 583.740
131.780 628.470
177.010 628.670
222.460 628.580
267.940 628.390
313.460 628.630
358.980 628.760
404.340 628.960
449.730 628.930
495.190 628.840
540.600 628.850
586.190 628.920
631.750 629.040
677.330 629.090
722.620 629.160
768.130 629.380
813.650 629.220
858.780 629.200
904.270 628.920
177.010 673.800
222.340 673.950
267.690 674.250
313.320 674.120
358.980 673.670
404.380 674.470
449.700 674.030
495.240 674.460
540.690 674.470
586.220 674.630
631.810 674.420
677.220 674.510
722.530 674.620
768.030 674.620
813.640 674.770
858.570 674.520
176.860 719.140
222.570 719.390
267.680 719.660
313.360 719.710
358.740 719.720
404.300 719.700
449.630 719.740
495.400 719.710
540.560 719.380
586.150 719.880
631.560 719.840
677.110 719.940
722.550 720.090
768.020 719.930
813.550 719.940
858.510 720.110
222.450 764.840
267.970 764.950
313.280 765.080
358.840 765.130
404.260 765.110
449.660 765.270
495.250 764.970
540.480 765.180
586.150 765.440
631.610 765.400
676.900 765.240
722.570 765.610
767.730 765.330
813.390 765.280
267.820 810.220
313.520 809.990
358.870 810.330
404.340 810.810
449.620 810.520
495.100 810.700
540.480 810.620
586.120 810.820
631.580 810.860
676.980 810.600
722.450 810.780
767.970 811.000
358.810 856.020
404.050 855.970
449.550 855.850
495.060 855.780
540.330 855.790
585.720 855.940
631.420 855.940
677.010 856.440
495.080 901.310
539.780 901.550
