-1.00 -1.00 -1.00 -1.00 -1.00 -1.00 -1.00 -1.00 -1.00 495.54 540.17 -1.00 -1.00 -1.00 -1.00 -1.00 -1.00 -1.00 -1.00 -1.00
-1.00 -1.00 -1.00 -1.00 -1.00 -1.00 359.77 404.77 450.39 495.62 540.74 586.59 632.46 677.86 -1.00 -1.00 -1.00 -1.00 -1.00 -1.00
-1.00 -1.00 -1.00 -1.00 268.83 313.90 359.47 405.18 450.09 495.55 540.61 586.50 632.20 677.99 723.10 768.32 -1.00 -1.00 -1.00 -1.00
-1.00 -1.00 -1.00 223.16 268.41 314.05 359.39 404.69 450.23 495.56 540.73 586.50 631.91 677.73 722.92 768.56 814.03 -1.00 -1.00 -1.00
-1.00 -1.00 177.31 222.89 268.51 313.71 359.32 404.44 450.21 495.51 540.77 586.62 632.22 677.61 723.33 768.70 813.95 858.74 -1.00 -1.00
-1.00 -1.00 177.43 222.81 268.20 313.78 359.26 404.57 450.20 495.60 541.06 586.62 632.21 677.52 723.06 768.52 813.87 858.97 -1.00 -1.00
-1.00 132.16 177.32 222.91 268.20 313.76 359.23 404.54 450.11 495.56 540.92 586.50 632.00 677.48 723.04 768.51 813.89 858.84 904.50 -1.00
-1.00 132.06 177.13 222.62 268.22 313.68 359.16 404.57 450.02 495.51 541.05 586.43 631.94 677.53 723.03 768.39 814.01 858.98 904.50 -1.00
-1.00 131.83 177.22 222.74 268.21 313.49 359.12 404.49 450.01 495.39 540.88 586.40 631.95 677.40 722.91 768.48 813.82 858.96 904.72 -1.00
85.91 131.83 177.16 222.58 268.21 313.54 359.06 404.47 449.88 495.38 540.91 586.48 631.94 677.36 722.81 768.37 813.86 858.90 904.72 949.89
85.96 131.74 176.97 222.57 268.04 313.35 359.07 404.37 450.05 495.47 540.84 586.39 631.82 677.39 722.74 768.23 813.82 858.89 904.77 949.82
-1.00 131.67 176.99 222.57 267.97 313.47 358.98 404.35 449.84 495.26 540.85 586.31 631.88 677.19 722.67 768.25 813.67 858.78 904.43 -1.00
-1.00 131.71 177.06 222.47 267.90 313.57 359.01 404.37 449.80 495.38 540.78 586.37 631.82 677.19 722.60 768.37 813.65 858.83 904.27 -1.00
-1.00 131.78 177.01 222.46 267.94 313.46 358.98 404.34 449.73 495.19 540.60 586.19 631.75 677.33 722.62 768.13 813.65 858.78 904.27 -1.00
-1.00 -1.00 177.01 222.34 267.69 313.32 358.98 404.38 449.70 495.24 540.69 586.22 631.81 677.22 722.53 768.03 813.64 858.57 -1.00 -1.00
-1.00 -1.00 176.86 222.57 267.68 313.36 358.74 404.30 449.63 495.40 540.56 586.15 631.56 677.11 722.55 768.02 813.55 858.51 -1.00 -1.00
-1.00 -1.00 -1.00 222.45 267.97 313.28 358.84 404.26 449.66 495.25 540.48 586.15 631.61 676.90 722.57 767.73 813.39 -1.00 -1.00 -1.00
-1.00 -1.00 -1.00 -1.00 267.82 313.52 358.87 404.34 449.62 495.10 540.48 586.12 631.58 676.98 722.45 767.97 -1.00 -1.00 -1.00 -1.00
-1.00 -1.00 -1.00 -1.00 -1.00 -1.00 358.81 404.05 449.55 495.06 540.33 585.72 631.42 677.01 -1.00 -1.00 -1.00 -1.00 -1.00 -1.00
-1.00 -1.00 -1.00 -1.00 -1.00 -1.00 -1.00 -1.00 -1.00 495.08 539.78 -1.00 -1.00 -1.00 -1.00 -1.00 -1.00 -1.00 -1.00 -1.00
-1.00 -1.00 -1.00 -1.00 -1.00 -1.00 -1.00 -1.00 -1.00 38.45 37.96 -1.00 -1.00 -1.00 -1.00 -1.00 -1.00 -1.00 -1.00 -1.00
-1.00 -1.00 -1.00 -1.00 -1.00 -1.00 83.64 83.71 83.36 84.11 83.75 83.66 84.07 83.78 -1.00 -1.00 -1.00 -1.00 -1.00 -1.00
-1.00 -1.00 -1.00 -1.00 129.02 128.42 128.35 128.86 128.70 129.14 129.19 128.79 128.85 128.80 129.26 129.58 -1.00 -1.00 -1.00 -1.00
-1.00 -1.00 -1.00 174.19 174.05 173.87 174.18 174.20 174.36 174.42 174.13 174.36 174.64 174.49 174.61 174.46 174.64 -1.00 -1.00 -1.00
-1.00 -1.00 219.16 219.42 219.41 219.48 219.89 219.65 219.57 219.47 219.73 219.68 219.85 219.77 219.98 219.94 219.72 220.07 -1.00 -1.00
-1.00 -1.00 265.12 264.88 265.09 264.84 264.97 264.97 265.23 265.01 265.29 265.26 265.20 265.32 265.47 265.55 265.55 265.52 -1.00 -1.00
-1.00 310.63 310.71 310.35 310.56 310.62 310.33 310.55 310.36 310.68 310.72 310.83 310.96 310.99 311.16 310.90 311.29 311.10 311.19 -1.00
-1.00 356.00 356.01 355.87 356.11 355.69 356.03 356.04 355.95 356.19 355.97 356.19 356.29 356.41 356.41 356.23 356.37 356.54 356.48 -1.00
-1.00 401.34 401.32 401.35 401.57 401.52 401.57 401.60 401.51 401.66 401.78 401.62 401.86 401.77 401.84 401.76 402.08 402.03 401.62 -1.00
446.67 446.69 446.72 446.75 446.86 446.58 447.17 447.08 447.08 447.24 447.04 447.27 447.23 447.27 447.38 447.37 447.58 447.45 447.39 447.23
492.23 492.39 492.33 492.27 492.39 492.26 492.53 492.55 492.59 492.61 492.75 492.75 492.72 492.57 492.72 492.43 492.84 493.03 492.94 492.75
-1.00 537.63 537.81 537.63 537.86 537.52 537.88 537.97 537.63 538.11 538.30 538.16 538.09 538.30 538.21 538.00 538.35 538.32 538.02 -1.00
-1.00 583.20 583.39 583.19 583.16 583.36 583.23 583.37 583.27 583.40 583.38 583.58 583.32 583.54 583.73 583.75 583.82 583.74 583.74 -1.00
-1.00 628.47 628.67 628.58 628.39 628.63 628.76 628.96 628.93 628.84 628.85 628.92 629.04 629.09 629.16 629.38 629.22 629.20 628.92 -1.00
-1.00 -1.00 673.80 673.95 674.25 674.12 673.67 674.47 674.03 674.46 674.47 674.63 674.42 674.51 674.62 674.62 674.77 674.52 -1.00 -1.00
-1.00 -1.00 719.14 719.39 719.66 719.71 719.72 719.70 719.74 719.71 719.38 719.88 719.84 719.94 720.09 719.93 719.94 720.11 -1.00 -1.00
-1.00 -1.00 -1.00 764.84 764.95 765.08 765.13 765.11 765.27 764.97 765.18 765.44 765.40 765.24 765.61 765.33 765.28 -1.00 -1.00 -1.00
-1.00 -1.00 -1.00 -1.00 810.22 809.99 810.33 810.81 810.52 810.70 810.62 810.82 810.86 810.60 810.78 811.00 -1.00 -1.00 -1.00 -1.00
-1.00 -1.00 -1.00 -1.00 -1.00 -1.00 856.02 855.97 855.85 855.78 855.79 855.94 855.94 856.44 -1.00 -1.00 -1.00 -1.00 -1.00 -1.00
-1.00 -1.00 -1.00 -1.00 -1.00 -1.00 -1.00 -1.00 -1.00 901.31 901.55 -1.00 -1.00 -1.00 -1.00 -1.00 -1.00 -1.00 -1.00 -1.00
