495.55 38.07
540.65 37.85
359.86 83.63
405.19 83.81
450.35 83.46
495.55 83.98
540.85 83.79
586.34 83.88
632.15 84.32
677.96 84.60
268.58 129.45
314.04 129.68
359.53 129.45
404.81 129.21
450.06 129.15
495.46 129.60
541.28 129.84
586.43 129.91
632.28 129.52
678.47 130.02
723.34 130.53
768.07 130.20
223.20 174.41
268.52 174.39
313.94 174.29
359.23 174.29
404.77 174.92
450.15 174.95
495.85 175.04
540.75 174.88
586.32 174.88
632.45 175.40
678.48 174.77
723.16 174.49
767.85 174.82
813.34 175.06
177.74 219.28
223.06 219.46
268.73 219.91
313.78 219.61
359.26 219.76
404.97 219.98
450.19 219.72
495.47 219.84
540.75 220.11
586.22 220.10
632.22 220.11
677.73 219.80
723.20 219.58
768.33 219.73
813.50 220.04
858.53 220.70
177.95 265.67
223.18 265.46
268.08 265.47
313.36 264.90
359.39 265.05
404.98 265.29
450.62 265.43
495.36 265.39
540.70 265.43
586.29 265.39
632.31 265.14
677.55 265.29
723.46 265.92
768.68 265.85
813.55 266.10
858.49 266.41
131.93 311.43
178.07 311.86
223.00 311.64
267.54 311.29
313.54 311.13
359.29 310.48
404.66 310.56
450.12 310.11
495.41 310.92
540.51 311.09
586.12 310.77
632.22 310.61
677.72 311.13
723.26 311.80
768.81 311.36
814.05 311.77
858.69 311.88
904.57 312.50
132.19 356.28
178.05 356.74
222.86 356.66
267.38 356.70
313.13 355.94
358.92 356.20
404.57 355.63
450.49 356.14
495.57 356.30
540.44 356.26
585.64 356.34
632.45 356.31
678.28 356.81
723.30 356.83
768.47 356.87
813.72 356.96
859.17 357.30
904.92 357.32
131.37 401.89
177.92 401.57
223.00 401.71
267.40 402.28
312.85 401.88
358.93 401.60
404.43 401.82
450.45 401.98
495.77 402.00
540.46 402.42
585.53 402.57
632.58 402.85
678.27 402.34
723.24 402.11
768.99 402.47
813.58 402.50
859.36 402.25
905.04 401.74
83.12 447.20
131.24 446.38
177.93 446.63
223.22 447.07
267.10 447.26
312.78 446.82
358.67 447.37
404.53 446.77
450.59 446.98
496.22 447.65
540.85 447.65
585.84 447.56
632.21 447.55
678.04 447.82
723.27 447.61
768.79 447.65
813.58 447.73
859.15 447.65
904.91 447.18
952.42 447.40
82.53 493.07
130.92 493.03
177.58 492.29
222.82 492.02
267.67 492.61
312.75 493.00
358.33 493.06
404.21 492.76
451.13 492.63
496.40 492.90
540.89 493.22
585.94 493.38
631.80 492.91
678.10 492.72
723.30 493.20
768.33 492.49
813.54 492.66
858.87 493.03
905.32 493.02
952.53 493.44
130.04 537.76
177.19 537.73
222.86 537.36
268.55 538.21
313.12 538.41
357.67 538.27
403.64 537.99
450.95 537.35
496.30 538.44
540.56 538.85
585.54 538.08
631.80 537.70
677.61 538.15
722.91 538.34
768.02 538.03
813.35 538.23
858.82 538.26
905.46 537.87
129.58 584.73
176.94 583.77
222.71 583.28
268.98 583.17
313.28 583.27
357.73 583.48
403.27 584.18
450.91 583.79
496.12 582.79
540.43 582.32
585.73 583.43
632.15 583.69
677.82 583.89
722.75 583.66
767.89 583.65
813.30 583.97
858.97 584.15
905.54 584.70
128.93 630.08
176.14 629.37
222.51 628.57
268.57 628.23
313.48 628.43
358.48 629.13
403.77 630.33
449.40 629.60
494.76 627.80
541.08 627.51
586.68 628.65
632.46 629.32
678.22 629.50
723.06 629.20
768.10 629.44
813.70 629.81
859.22 629.82
905.69 629.65
175.11 674.48
222.02 673.72
268.17 673.83
313.42 673.67
359.29 673.77
404.16 674.77
448.34 674.39
493.86 674.79
541.70 674.85
587.23 675.01
632.30 674.60
677.51 674.83
722.78 674.45
768.42 674.37
814.06 674.43
859.43 675.08
174.29 719.76
221.45 719.40
268.57 719.17
313.83 719.53
359.00 719.63
403.91 719.69
448.74 720.01
494.99 720.98
541.00 721.12
587.00 720.69
631.85 720.38
677.11 720.14
722.13 719.88
767.97 719.41
814.09 719.12
860.71 720.37
221.05 765.33
268.66 765.29
314.00 764.98
359.00 764.65
404.25 764.80
449.19 765.16
495.49 765.17
540.57 765.83
586.66 765.84
631.57 765.38
676.45 764.95
722.08 765.06
767.54 765.36
814.33 765.52
267.65 811.44
313.18 810.20
358.53 809.90
404.10 810.17
449.31 809.87
495.27 809.87
541.12 810.05
586.31 810.57
631.41 810.42
676.52 810.13
722.55 810.76
768.32 811.63
358.17 856.78
403.50 856.44
449.20 856.36
495.01 855.76
541.24 856.10
586.18 856.27
631.25 856.43
676.28 856.79
495.03 903.30
540.94 902.87
